1.8397e-006	-0.014428	1.8604e-006	-0.015075	0.057623	0.019919	92.377	78.23
1.8397e-006	-0.014434	1.8604e-006	-0.014937	0.057703	0.020291	92.38	79.408
1.8397e-006	-0.014175	1.8604e-006	-0.014111	0.057757	0.02062	92.416	80.308
1.8397e-006	-0.014149	1.8603e-006	-0.01424	0.057527	0.020872	92.286	80.258
1.8397e-006	-0.014493	1.8603e-006	-0.015075	0.057538	0.020226	92.169	79.586
1.8398e-006	-0.015075	1.8604e-006	-0.014977	0.057411	0.020739	92.108	79.556
1.8398e-006	-0.015549	1.8603e-006	-0.014567	0.057572	0.020282	92.069	78.748
1.8398e-006	-0.014733	1.8603e-006	-0.014014	0.057815	0.020071	92.069	80.715
1.8398e-006	-0.014951	1.8603e-006	-0.014182	0.057543	0.020317	92.233	80.681
1.8399e-006	-0.015385	1.8603e-006	-0.014718	0.057397	0.02207	92.225	83.742
1.8399e-006	-0.015287	1.8603e-006	-0.014538	0.057406	0.023227	91.886	85.008
1.8399e-006	-0.015048	1.8602e-006	-0.013217	0.057621	0.022937	92.001	83.42
1.8399e-006	-0.014199	1.8602e-006	-0.013371	0.057582	0.023192	92.159	85.055
1.8399e-006	-0.013462	1.8602e-006	-0.014017	0.05741	0.022446	92.1	84.52
1.8399e-006	-0.013093	1.8602e-006	-0.014491	0.057275	0.022334	91.83	85.849
1.84e-006	-0.013137	1.8602e-006	-0.013861	0.057632	0.022897	92.005	86.762
1.84e-006	-0.013303	1.8601e-006	-0.01466	0.057752	0.024284	92.433	89.184
1.84e-006	-0.012628	1.8601e-006	-0.014517	0.057831	0.025977	92.311	91.332
1.84e-006	-0.012132	1.8601e-006	-0.014805	0.057385	0.026112	92.135	90.813
1.84e-006	-0.012571	1.8601e-006	-0.014329	0.057583	0.026057	92.102	90.728
1.8401e-006	-0.012684	1.8601e-006	-0.014174	0.057408	0.026381	92.159	91.959
1.8401e-006	-0.012459	1.8601e-006	-0.014333	0.057318	0.025381	92.34	90.217
1.8401e-006	-0.012226	1.86e-006	-0.014797	0.057567	0.025376	92.182	90.001
1.8401e-006	-0.01217	1.86e-006	-0.015166	0.057595	0.025876	92.239	90.971
1.8401e-006	-0.012333	1.86e-006	-0.014492	0.057725	0.026009	92.188	90.966
1.8402e-006	-0.013063	1.86e-006	-0.015079	0.057572	0.025352	92.215	89.563
1.8402e-006	-0.012574	1.86e-006	-0.014767	0.057579	0.025198	91.736	89.905
1.8402e-006	-0.012333	1.86e-006	-0.013902	0.057417	0.025594	91.663	90.772
1.8402e-006	-0.012696	1.86e-006	-0.013602	0.0573	0.025709	91.705	90.325
1.8402e-006	-0.013079	1.8599e-006	-0.013707	0.057315	0.025618	91.735	90.45
1.8402e-006	-0.013514	1.8599e-006	-0.013129	0.057378	0.02599	92.004	92.159
1.8402e-006	-0.013722	1.8598e-006	-0.013055	0.057449	0.027319	92.062	95.27
1.8403e-006	-0.013628	1.8598e-006	-0.012938	0.057379	0.02834	91.939	96.379
1.8403e-006	-0.013702	1.8598e-006	-0.012842	0.057564	0.028468	91.944	95.59
1.8403e-006	-0.01345	1.8598e-006	-0.013106	0.057785	0.028828	92.143	96.316
1.8403e-006	-0.013015	1.8598e-006	-0.013138	0.057511	0.028694	92.1	95.589
1.8403e-006	-0.013667	1.8598e-006	-0.013608	0.057713	0.027443	92.29	93.672
1.8404e-006	-0.013322	1.8598e-006	-0.013769	0.057886	0.027645	92.365	94.862
1.8404e-006	-0.013365	1.8598e-006	-0.013307	0.057502	0.027565	92.482	94.28
1.8404e-006	-0.013884	1.8597e-006	-0.013137	0.057307	0.028106	92.359	94.224
1.8404e-006	-0.013851	1.8597e-006	-0.013151	0.057508	0.028514	92.26	94.561
1.8405e-006	-0.01347	1.8597e-006	-0.013027	0.057497	0.028364	92.303	94.358
1.8405e-006	-0.014349	1.8596e-006	-0.013369	0.057694	0.028778	92.298	94.853
1.8405e-006	-0.014832	1.8596e-006	-0.013837	0.057871	0.029482	92.143	96.982
1.8405e-006	-0.014402	1.8597e-006	-0.013672	0.057987	0.029732	91.898	97.59
1.8405e-006	-0.013984	1.8597e-006	-0.01357	0.057832	0.029105	91.759	96.756
1.8405e-006	-0.012926	1.8596e-006	-0.014	0.057605	0.028633	91.742	96.905
1.8405e-006	-0.012469	1.8596e-006	-0.014522	0.057937	0.029647	92.191	98.819
1.8406e-006	-0.013429	1.8596e-006	-0.014671	0.057937	0.03089	92.28	100.92
1.8406e-006	-0.013961	1.8596e-006	-0.014794	0.057799	0.03127	92.084	101.63
1.8406e-006	-0.013096	1.8596e-006	-0.015291	0.057743	0.031776	92.008	102.48
1.8406e-006	-0.012244	1.8595e-006	-0.014961	0.057507	0.031745	92.424	102.77
1.8406e-006	-0.012302	1.8595e-006	-0.014314	0.057393	0.031555	92.401	103.33
1.8406e-006	-0.012269	1.8595e-006	-0.015229	0.057554	0.032002	92.301	105.91
1.8406e-006	-0.012344	1.8595e-006	-0.015131	0.057771	0.032644	92.073	105.97
1.8407e-006	-0.012871	1.8594e-006	-0.014185	0.057801	0.032592	92.179	105.6
1.8407e-006	-0.013098	1.8594e-006	-0.015001	0.057869	0.031978	92.132	105.3
1.8407e-006	-0.013783	1.8594e-006	-0.013893	0.057888	0.031691	92.014	103.45
1.8407e-006	-0.013257	1.8594e-006	-0.014358	0.057622	0.032342	92.196	104.43
1.8407e-006	-0.012407	1.8593e-006	-0.013547	0.057416	0.031285	92.102	104.6
1.8407e-006	-0.012882	1.8593e-006	-0.013851	0.057455	0.030608	91.975	104.58
1.8408e-006	-0.012566	1.8593e-006	-0.013603	0.057581	0.031182	92.145	104.11
1.8408e-006	-0.012892	1.8594e-006	-0.013435	0.057726	0.031945	91.997	106.96
1.8408e-006	-0.012817	1.8593e-006	-0.014476	0.057766	0.032923	92.009	109.86
1.8408e-006	-0.012368	1.8593e-006	-0.014	0.057881	0.033331	92.015	110.66
1.8408e-006	-0.012693	1.8593e-006	-0.013976	0.057867	0.033717	91.967	110.21
1.8408e-006	-0.013714	1.8592e-006	-0.014832	0.05785	0.034447	92.108	110.39
1.8409e-006	-0.012988	1.8592e-006	-0.014271	0.057789	0.034481	92.293	112.6
1.8409e-006	-0.012389	1.8591e-006	-0.013872	0.057689	0.034388	92.392	114.06
1.8409e-006	-0.012755	1.8591e-006	-0.0151	0.05752	0.03396	92.358	113.29
1.8409e-006	-0.012847	1.8591e-006	-0.015216	0.057776	0.033624	92.222	112.9
1.8409e-006	-0.013555	1.8591e-006	-0.015668	0.057845	0.033672	92.176	112.45
1.841e-006	-0.0138	1.8591e-006	-0.015942	0.057812	0.033556	92.262	111.8
1.841e-006	-0.013747	1.8591e-006	-0.015684	0.057787	0.033816	91.981	112.61
1.841e-006	-0.01393	1.8591e-006	-0.015655	0.057709	0.034347	91.844	111.86
1.841e-006	-0.013789	1.8591e-006	-0.014664	0.057647	0.034547	91.891	112.46
1.8411e-006	-0.014118	1.859e-006	-0.01473	0.057294	0.033869	91.924	113.1
1.841e-006	-0.01415	1.859e-006	-0.014762	0.057395	0.034023	92.134	113.91
1.841e-006	-0.01438	1.859e-006	-0.01511	0.057187	0.034351	92.035	114.25
1.8411e-006	-0.014767	1.859e-006	-0.015303	0.056962	0.034452	91.916	115.3
1.8412e-006	-0.014149	1.8589e-006	-0.015527	0.057003	0.034496	91.972	113.98
1.8412e-006	-0.012866	1.8589e-006	-0.015233	0.057031	0.035275	91.901	114.03
1.8412e-006	-0.012667	1.8589e-006	-0.014786	0.056872	0.035433	91.819	113.36
1.8412e-006	-0.012194	1.8589e-006	-0.014433	0.057198	0.035721	91.949	112.25
1.8412e-006	-0.012566	1.8589e-006	-0.014305	0.057497	0.035725	92.11	114.2
1.8412e-006	-0.012677	1.8589e-006	-0.014269	0.057408	0.035089	92.459	115.51
1.8412e-006	-0.012989	1.8589e-006	-0.015212	0.057933	0.035055	92.481	116.21
1.8413e-006	-0.01268	1.8588e-006	-0.014548	0.05792	0.035086	91.975	117.59
1.8413e-006	-0.012819	1.8588e-006	-0.014508	0.057901	0.03547	91.668	118.71
1.8413e-006	-0.013366	1.8588e-006	-0.014342	0.057806	0.03579	92.047	118.87
1.8413e-006	-0.013285	1.8588e-006	-0.014412	0.057776	0.035932	92.051	120.32
1.8414e-006	-0.012736	1.8588e-006	-0.015158	0.057629	0.03565	92.08	123.63
1.8414e-006	-0.01282	1.8588e-006	-0.015041	0.057524	0.03455	91.973	121.26
1.8414e-006	-0.013248	1.8588e-006	-0.01438	0.057601	0.034881	92.077	119.08
1.8414e-006	-0.012773	1.8587e-006	-0.014868	0.057565	0.035666	91.842	120.39
1.8414e-006	-0.012798	1.8587e-006	-0.014129	0.057648	0.036201	91.942	124.02
1.8414e-006	-0.012398	1.8587e-006	-0.012982	0.057509	0.036083	91.954	125.67
1.8414e-006	-0.012989	1.8587e-006	-0.013562	0.057527	0.03559	92.079	126.34
1.8414e-006	-0.013732	1.8587e-006	-0.015011	0.05772	0.035142	92.049	125.68
1.8415e-006	-0.013467	1.8587e-006	-0.014755	0.057913	0.035434	92.072	126.33
1.8415e-006	-0.013753	1.8587e-006	-0.013868	0.057598	0.03576	92.015	126.22
1.8415e-006	-0.013599	1.8587e-006	-0.014166	0.057582	0.035254	91.888	124.43
1.8415e-006	-0.013818	1.8586e-006	-0.013527	0.057343	0.035617	92.094	124.44
1.8415e-006	-0.013076	1.8586e-006	-0.013602	0.057561	0.035924	92.154	126.21
1.8416e-006	-0.01369	1.8586e-006	-0.013927	0.057806	0.034975	92.166	128.1
1.8416e-006	-0.013359	1.8586e-006	-0.013797	0.057731	0.034659	91.936	128.04
1.8416e-006	-0.012878	1.8586e-006	-0.013282	0.05797	0.034966	91.695	127.78
1.8416e-006	-0.012593	1.8586e-006	-0.013131	0.058082	0.035416	91.634	127.35
1.8416e-006	-0.012677	1.8585e-006	-0.012757	0.057915	0.035402	91.642	128.21
1.8417e-006	-0.012597	1.8585e-006	-0.012972	0.057573	0.035264	91.75	127.19
1.8417e-006	-0.012142	1.8584e-006	-0.012831	0.057436	0.03587	92.059	128.43
1.8417e-006	-0.011493	1.8584e-006	-0.012805	0.057778	0.035247	92.237	132.7
1.8417e-006	-0.010961	1.8584e-006	-0.01263	0.057612	0.034391	92.447	133.9
1.8417e-006	-0.010698	1.8584e-006	-0.013517	0.057675	0.034477	92.516	132.85
1.8418e-006	-0.01093	1.8584e-006	-0.014148	0.057527	0.034599	92.628	130.84
1.8418e-006	-0.012257	1.8584e-006	-0.012834	0.057623	0.03476	92.589	130.34
1.8418e-006	-0.012943	1.8583e-006	-0.01195	0.057485	0.035408	92.201	130.8
1.8418e-006	-0.013255	1.8583e-006	-0.011673	0.057471	0.034836	92.143	132.8
1.8419e-006	-0.012742	1.8583e-006	-0.012592	0.057602	0.034593	92.1	133.36
1.8419e-006	-0.012069	1.8583e-006	-0.013167	0.057764	0.034563	92.059	133.69
1.8419e-006	-0.012417	1.8583e-006	-0.013118	0.057658	0.034035	92.153	133.86
1.8419e-006	-0.013643	1.8583e-006	-0.013089	0.057559	0.034144	92.16	132.83
1.8419e-006	-0.013894	1.8583e-006	-0.012673	0.057813	0.034562	92.267	134.4
1.8419e-006	-0.013876	1.8582e-006	-0.012487	0.057749	0.034473	92.084	133.78
1.8419e-006	-0.013231	1.8582e-006	-0.013104	0.058138	0.034872	92.253	134.19
1.8419e-006	-0.012634	1.8582e-006	-0.013737	0.0577	0.034778	92.254	135.19
1.8419e-006	-0.01344	1.8582e-006	-0.013813	0.057479	0.034695	92.039	133.87
1.842e-006	-0.012951	1.8582e-006	-0.013669	0.05731	0.034959	91.608	134.37
1.842e-006	-0.013576	1.8582e-006	-0.01301	0.057418	0.034299	91.955	136.88
1.842e-006	-0.013359	1.8581e-006	-0.013228	0.057416	0.034016	92.251	139
1.842e-006	-0.012884	1.8581e-006	-0.013264	0.057408	0.033138	92.484	141.41
1.842e-006	-0.012436	1.8581e-006	-0.013204	0.057715	0.032496	92.596	140.34
1.8421e-006	-0.012038	1.8581e-006	-0.013411	0.057844	0.033015	92.626	138.09
1.8421e-006	-0.012877	1.8581e-006	-0.013562	0.057795	0.033566	92.167	139.49
1.8421e-006	-0.013373	1.858e-006	-0.013565	0.05761	0.033032	92.215	141.29
1.8421e-006	-0.013547	1.858e-006	-0.012599	0.057639	0.032826	92.138	140.25
1.8421e-006	-0.013865	1.858e-006	-0.012809	0.057818	0.033035	92.058	140.02
1.8422e-006	-0.014889	1.858e-006	-0.012654	0.057663	0.03335	92.151	141.07
1.8422e-006	-0.014621	1.858e-006	-0.012991	0.057372	0.03288	91.966	141.68
1.8422e-006	-0.014682	1.8579e-006	-0.013136	0.057353	0.032507	92.174	141.69
1.8422e-006	-0.014117	1.8579e-006	-0.01292	0.057542	0.032723	92.51	141.15
1.8423e-006	-0.014005	1.8579e-006	-0.013361	0.057377	0.032793	92.618	140.85
1.8423e-006	-0.01451	1.8579e-006	-0.013201	0.057739	0.033381	92.568	141.88
1.8423e-006	-0.014648	1.8579e-006	-0.013784	0.057975	0.032543	92.508	144.03
1.8423e-006	-0.014255	1.8579e-006	-0.014082	0.058126	0.032097	92.271	142.3
1.8423e-006	-0.013177	1.8578e-006	-0.014167	0.058061	0.032606	92.148	144.23
1.8423e-006	-0.012941	1.8578e-006	-0.014349	0.057811	0.032247	91.728	145.65
1.8424e-006	-0.013393	1.8578e-006	-0.014473	0.057509	0.031602	92.108	145.93
1.8424e-006	-0.013672	1.8578e-006	-0.013436	0.057597	0.031281	92.207	145.32
1.8424e-006	-0.014076	1.8577e-006	-0.013881	0.057703	0.03158	92.424	145.41
1.8424e-006	-0.014073	1.8577e-006	-0.012854	0.057536	0.03154	92.427	144.95
1.8424e-006	-0.013459	1.8577e-006	-0.012841	0.057576	0.03157	92.322	144.25
1.8424e-006	-0.01338	1.8577e-006	-0.012715	0.057561	0.032256	92.231	143.64
1.8424e-006	-0.014398	1.8577e-006	-0.013121	0.057442	0.032382	92.431	142.71
1.8425e-006	-0.013158	1.8577e-006	-0.013685	0.057579	0.032769	92.288	143.16
1.8425e-006	-0.012258	1.8576e-006	-0.01385	0.057863	0.032853	92.343	144.03
1.8425e-006	-0.0124	1.8576e-006	-0.013894	0.057763	0.03262	92.314	144.5
1.8425e-006	-0.012646	1.8576e-006	-0.013962	0.057522	0.032139	92.465	145.13
1.8425e-006	-0.011717	1.8576e-006	-0.013496	0.057639	0.032146	92.356	145.34
1.8426e-006	-0.011447	1.8576e-006	-0.013789	0.057545	0.035055	92.261	131.16
1.8426e-006	-0.011864	1.8575e-006	-0.013608	0.057723	0.045496	92.512	109.36
1.8426e-006	-0.011952	1.8575e-006	-0.012798	0.057831	0.052485	92.436	99.405
1.8426e-006	-0.012004	1.8575e-006	-0.012178	0.057709	0.055717	92.141	95.573
1.8427e-006	-0.011288	1.8575e-006	-0.012915	0.057546	0.057062	92.219	93.974
1.8427e-006	-0.011376	1.8575e-006	-0.013065	0.057445	0.057541	92.765	93.191
1.8427e-006	-0.011748	1.8574e-006	-0.013111	0.057347	0.057753	92.945	93.187
1.8427e-006	-0.012423	1.8574e-006	-0.012557	0.057441	0.057539	92.426	93.421
1.8427e-006	-0.013286	1.8574e-006	-0.013467	0.057493	0.057514	92.164	93.199
1.8428e-006	-0.01436	1.8575e-006	-0.013127	0.057541	0.057397	92.018	93.05
1.8428e-006	-0.014423	1.8574e-006	-0.013005	0.057403	0.057671	91.901	92.879
1.8428e-006	-0.013369	1.8574e-006	-0.012494	0.057535	0.057852	91.774	93.009
1.8428e-006	-0.012873	1.8574e-006	-0.013075	0.057499	0.057844	91.792	92.825
1.8428e-006	-0.012438	1.8574e-006	-0.01305	0.057522	0.057579	92.196	92.958
1.8429e-006	-0.012443	1.8574e-006	-0.012957	0.057789	0.057683	92.565	93.273
1.8429e-006	-0.012355	1.8573e-006	-0.013036	0.057731	0.057884	92.242	93.243
1.8429e-006	-0.011416	1.8573e-006	-0.012503	0.057428	0.057768	92.055	93.028
1.8429e-006	-0.010662	1.8572e-006	-0.011739	0.057449	0.058224	92.187	93.134
1.8429e-006	-0.011179	1.8572e-006	-0.011181	0.057325	0.058157	92.397	92.744
1.843e-006	-0.011071	1.8572e-006	-0.012057	0.057421	0.057918	92.813	92.693
1.843e-006	-0.010594	1.8572e-006	-0.012724	0.057641	0.057774	92.513	92.742
1.843e-006	-0.011203	1.8572e-006	-0.012356	0.058042	0.057582	92.071	92.676
1.843e-006	-0.012015	1.8572e-006	-0.012667	0.057883	0.057679	92.051	92.64
1.843e-006	-0.012548	1.8572e-006	-0.012076	0.057827	0.057878	92.031	92.819
1.843e-006	-0.012096	1.8572e-006	-0.011823	0.058037	0.057867	92.034	92.772
1.843e-006	-0.011748	1.8572e-006	-0.012699	0.058074	0.057806	91.787	92.747
1.843e-006	-0.011298	1.8571e-006	-0.013032	0.057976	0.057641	92.008	92.687
1.8431e-006	-0.011166	1.8571e-006	-0.012668	0.057599	0.057769	91.876	92.886
1.8431e-006	-0.011072	1.8571e-006	-0.012896	0.05771	0.057825	91.764	93.04
1.8431e-006	-0.011846	1.8571e-006	-0.013233	0.057862	0.057648	91.841	93.275
1.8431e-006	-0.012918	1.8571e-006	-0.013049	0.057844	0.057906	91.874	93.082
1.8431e-006	-0.012995	1.8571e-006	-0.012789	0.057817	0.058067	91.957	92.65
1.8432e-006	-0.013052	1.8571e-006	-0.012471	0.057657	0.057733	91.825	92.794
1.8432e-006	-0.012823	1.8571e-006	-0.012955	0.057415	0.057632	92.12	92.811
1.8432e-006	-0.013169	1.857e-006	-0.012802	0.05751	0.057608	92.274	92.629
1.8433e-006	-0.013452	1.857e-006	-0.012151	0.057634	0.057539	92.113	92.801
1.8433e-006	-0.013253	1.8569e-006	-0.012873	0.057393	0.057484	91.932	92.946
1.8433e-006	-0.013561	1.8569e-006	-0.012732	0.05726	0.057582	91.884	92.941
1.8433e-006	-0.01379	1.8569e-006	-0.012443	0.05733	0.05769	92.163	92.632
1.8433e-006	-0.013882	1.8569e-006	-0.012988	0.057674	0.057811	92.019	92.407
1.8433e-006	-0.012982	1.8569e-006	-0.013839	0.057782	0.057623	92.007	92.343
1.8434e-006	-0.012554	1.8569e-006	-0.013459	0.057621	0.057496	92.075	92.509
1.8434e-006	-0.011753	1.8569e-006	-0.012596	0.057737	0.057555	92.053	92.453
1.8434e-006	-0.012034	1.8568e-006	-0.013921	0.057605	0.05787	91.982	92.495
1.8434e-006	-0.012014	1.8568e-006	-0.014387	0.057683	0.05774	91.96	92.414
1.8434e-006	-0.011843	1.8568e-006	-0.014269	0.057459	0.057782	91.858	92.485
1.8434e-006	-0.011914	1.8568e-006	-0.013919	0.057437	0.05788	92.072	92.251
1.8434e-006	-0.012305	1.8568e-006	-0.013337	0.057674	0.057613	92.207	92.183
1.8435e-006	-0.013329	1.8567e-006	-0.013543	0.057728	0.057313	92.169	92.324
1.8435e-006	-0.012745	1.8567e-006	-0.013595	0.057612	0.057385	92.297	92.45
1.8435e-006	-0.012525	1.8567e-006	-0.013365	0.057596	0.057334	91.893	92.365
1.8436e-006	-0.012224	1.8567e-006	-0.013378	0.057408	0.057277	91.989	92.438
1.8436e-006	-0.011678	1.8567e-006	-0.0138	0.057215	0.057415	92.018	92.78
1.8436e-006	-0.012581	1.8567e-006	-0.013102	0.057334	0.057547	92.077	92.869
1.8436e-006	-0.01164	1.8567e-006	-0.013005	0.05752	0.057547	92.314	92.604
1.8436e-006	-0.011086	1.8566e-006	-0.012785	0.05755	0.057807	92.339	92.395
1.8436e-006	-0.011204	1.8566e-006	-0.012788	0.057509	0.05798	91.998	92.523
1.8436e-006	-0.011511	1.8566e-006	-0.013341	0.057612	0.057943	92.106	92.462
1.8436e-006	-0.0117	1.8566e-006	-0.013338	0.057821	0.057944	92.132	92.403
1.8437e-006	-0.012504	1.8566e-006	-0.013534	0.057919	0.057859	91.873	92.416
1.8438e-006	-0.012537	1.8565e-006	-0.013764	0.057914	0.057578	91.878	92.407
1.8438e-006	-0.011653	1.8565e-006	-0.01321	0.057797	0.057397	92.154	92.538
1.8438e-006	-0.012555	1.8565e-006	-0.013223	0.05753	0.057266	92.312	92.609
1.8438e-006	-0.013013	1.8565e-006	-0.013182	0.057583	0.05762	92.286	92.729
1.8438e-006	-0.013167	1.8565e-006	-0.013385	0.057586	0.057679	92.236	92.573
1.8438e-006	-0.014061	1.8565e-006	-0.013028	0.057744	0.05756	92.296	92.358
1.8438e-006	-0.013473	1.8564e-006	-0.012322	0.057418	0.057843	92.015	92.473
1.8438e-006	-0.013636	1.8564e-006	-0.012572	0.057396	0.058044	91.854	92.68
1.8438e-006	-0.013726	1.8564e-006	-0.013255	0.057576	0.057758	92.006	92.591
1.8438e-006	-0.012987	1.8564e-006	-0.013566	0.057805	0.057714	91.999	92.612
1.8439e-006	-0.01246	1.8563e-006	-0.013508	0.057446	0.057605	92.102	92.488
1.8439e-006	-0.013279	1.8563e-006	-0.012809	0.057499	0.057379	92.289	92.289
1.8439e-006	-0.013367	1.8563e-006	-0.012644	0.057572	0.057204	92.099	92.377
1.844e-006	-0.012982	1.8563e-006	-0.013069	0.057481	0.057505	92.287	92.323
1.844e-006	-0.012461	1.8563e-006	-0.013287	0.057628	0.057503	92.393	92.244
1.844e-006	-0.012808	1.8563e-006	-0.013015	0.057701	0.057503	92.514	92.263
1.844e-006	-0.012487	1.8562e-006	-0.012752	0.057646	0.057578	92.586	92.391
1.844e-006	-0.012225	1.8562e-006	-0.013058	0.057822	0.057818	92.174	92.66
1.844e-006	-0.012955	1.8562e-006	-0.013239	0.057765	0.058093	92.111	92.558
1.844e-006	-0.013415	1.8562e-006	-0.01398	0.057768	0.057963	92.399	92.413
1.8441e-006	-0.012851	1.8562e-006	-0.014579	0.057528	0.05779	92.23	92.605
1.8441e-006	-0.013417	1.8562e-006	-0.013863	0.057393	0.057788	91.891	92.798
1.8441e-006	-0.014127	1.8562e-006	-0.013355	0.057652	0.057432	92.015	92.793
1.8441e-006	-0.013754	1.8561e-006	-0.013175	0.057768	0.057186	92.004	92.56
1.8441e-006	-0.013318	1.8561e-006	-0.013046	0.057868	0.05725	91.943	92.594
1.8441e-006	-0.012658	1.8561e-006	-0.012837	0.057819	0.057465	92.05	92.377
1.8442e-006	-0.012561	1.8561e-006	-0.013343	0.058025	0.057716	92.237	92.389
1.8442e-006	-0.0128	1.856e-006	-0.012831	0.058019	0.057625	92.363	92.435
1.8443e-006	-0.01296	1.856e-006	-0.012957	0.057775	0.057735	92.407	92.429
1.8443e-006	-0.012475	1.856e-006	-0.013661	0.0578	0.057691	92.444	92.571
1.8443e-006	-0.012136	1.856e-006	-0.013253	0.057758	0.057895	92.314	92.417
1.8442e-006	-0.011202	1.8559e-006	-0.012868	0.05811	0.057687	92.26	92.331
1.8442e-006	-0.011417	1.8559e-006	-0.013036	0.058152	0.057565	91.984	92.424
1.8443e-006	-0.012395	1.8559e-006	-0.012674	0.057877	0.057608	91.678	92.37
1.8443e-006	-0.012631	1.8559e-006	-0.01214	0.057591	0.057614	91.598	92.217
1.8444e-006	-0.012171	1.8559e-006	-0.010706	0.05772	0.057915	91.61	92.312
1.8444e-006	-0.012659	1.8559e-006	-0.010845	0.05739	0.057759	91.62	92.385
1.8444e-006	-0.012939	1.8558e-006	-0.011119	0.057138	0.05783	91.745	92.803
1.8444e-006	-0.013001	1.8559e-006	-0.011149	0.057213	0.05766	92.116	92.811
1.8444e-006	-0.013118	1.8559e-006	-0.011815	0.057465	0.057383	92.288	92.656
1.8445e-006	-0.012759	1.8559e-006	-0.011288	0.057448	0.057539	92.269	92.31
1.8445e-006	-0.012995	1.8559e-006	-0.01171	0.057522	0.057659	92.094	92.235
1.8445e-006	-0.013017	1.8558e-006	-0.013006	0.057687	0.057637	92.355	92.459
1.8445e-006	-0.0129	1.8558e-006	-0.012419	0.057857	0.057653	92.364	92.379
1.8445e-006	-0.012717	1.8557e-006	-0.012351	0.057634	0.057751	92.155	92.231
1.8445e-006	-0.011967	1.8557e-006	-0.012842	0.057468	0.05762	92.108	92.159
1.8446e-006	-0.012002	1.8557e-006	-0.012674	0.05741	0.057274	92.023	92.324
1.8446e-006	-0.012463	1.8557e-006	-0.013049	0.057296	0.057282	92.107	92.219
1.8446e-006	-0.011609	1.8557e-006	-0.014694	0.057446	0.057339	92.311	92.452
1.8446e-006	-0.011376	1.8557e-006	-0.014428	0.057416	0.057526	92.256	92.532
1.8446e-006	-0.011351	1.8556e-006	-0.013156	0.057509	0.05756	92.496	92.228
1.8446e-006	-0.010805	1.8556e-006	-0.013416	0.057457	0.05789	92.518	92.257
1.8446e-006	-0.010942	1.8556e-006	-0.013382	0.057255	0.057634	92.576	91.952
1.8446e-006	-0.01128	1.8556e-006	-0.013669	0.057586	0.057583	92.444	92.108
1.8446e-006	-0.011209	1.8556e-006	-0.012759	0.05754	0.057749	92.318	92.371
1.8446e-006	-0.011374	1.8555e-006	-0.012735	0.057604	0.058002	91.83	92.605
1.8447e-006	-0.011516	1.8555e-006	-0.013104	0.057918	0.05767	91.85	92.565
1.8447e-006	-0.012445	1.8555e-006	-0.012778	0.057793	0.057414	92.114	92.493
1.8448e-006	-0.011959	1.8555e-006	-0.011991	0.057659	0.057261	91.951	92.43
1.8448e-006	-0.010982	1.8555e-006	-0.012838	0.057522	0.057256	92.023	92.075
1.8448e-006	-0.011107	1.8555e-006	-0.013741	0.057854	0.05756	92.037	92.203
1.8448e-006	-0.011283	1.8555e-006	-0.01338	0.057776	0.05774	92.076	92.607
1.8448e-006	-0.011643	1.8554e-006	-0.013552	0.057629	0.057635	92.409	92.557
1.8449e-006	-0.011343	1.8554e-006	-0.013232	0.058043	0.057752	92.324	92.592
1.8449e-006	-0.011215	1.8554e-006	-0.013307	0.058103	0.057734	92.173	92.438
1.8449e-006	-0.011358	1.8553e-006	-0.012721	0.057942	0.057828	91.987	92.571
1.8449e-006	-0.01138	1.8552e-006	-0.011808	0.057569	0.057669	92.358	92.674
1.8449e-006	-0.012057	1.8552e-006	-0.012529	0.057564	0.057586	92.255	92.465
1.8449e-006	-0.01186	1.8552e-006	-0.01133	0.057728	0.057581	92.066	92.614
1.8449e-006	-0.012059	1.8552e-006	-0.011082	0.05787	0.057827	91.857	92.607
1.8449e-006	-0.012791	1.8552e-006	-0.012182	0.057614	0.05783	91.969	92.274
1.845e-006	-0.012687	1.8552e-006	-0.01305	0.057657	0.057974	92.059	92.188
1.845e-006	-0.01225	1.8552e-006	-0.013295	0.057623	0.057825	92.13	92.469
1.8451e-006	-0.012503	1.8552e-006	-0.014201	0.057516	0.057925	92.222	92.421
1.8451e-006	-0.012623	1.8552e-006	-0.013822	0.057716	0.057614	92.587	92.456
1.8451e-006	-0.013208	1.8551e-006	-0.013142	0.057873	0.057859	92.54	92.338
1.8451e-006	-0.01381	1.8551e-006	-0.01292	0.057838	0.057745	92.248	92.193
1.8451e-006	-0.013584	1.8551e-006	-0.012451	0.057805	0.057401	92.311	92.106
1.8452e-006	-0.013069	1.855e-006	-0.012469	0.057634	0.057422	92.514	92.215
1.8452e-006	-0.012397	1.8551e-006	-0.01267	0.057405	0.057846	92.481	92.401
1.8452e-006	-0.012304	1.8551e-006	-0.012571	0.057546	0.05783	92.247	92.255
1.8452e-006	-0.013769	1.8551e-006	-0.012137	0.05788	0.057715	92.156	92.211
1.8452e-006	-0.013751	1.8551e-006	-0.012538	0.058088	0.057768	91.934	92.202
1.8452e-006	-0.014315	1.855e-006	-0.012344	0.05764	0.057677	91.902	92.325
1.8452e-006	-0.01358	1.855e-006	-0.011854	0.057533	0.057452	92.27	92.429
1.8453e-006	-0.013632	1.8549e-006	-0.011573	0.05744	0.057371	92.542	92.767
1.8453e-006	-0.01415	1.8549e-006	-0.0119	0.057205	0.057447	92.228	92.787
1.8453e-006	-0.013903	1.8549e-006	-0.01207	0.057086	0.057906	92.057	92.73
1.8453e-006	-0.01412	1.8549e-006	-0.01205	0.057377	0.058039	92.231	92.777
1.8453e-006	-0.014123	1.8549e-006	-0.011911	0.05748	0.057969	92.234	92.482
1.8454e-006	-0.013796	1.8548e-006	-0.012354	0.057656	0.057887	92.472	92.411
1.8454e-006	-0.01352	1.8548e-006	-0.012626	0.057728	0.057884	92.228	92.294
1.8454e-006	-0.013821	1.8549e-006	-0.012299	0.057753	0.057955	92.394	92.232
1.8455e-006	-0.013272	1.8549e-006	-0.012249	0.057899	0.058026	92.297	92.355
1.8455e-006	-0.01277	1.8548e-006	-0.0126	0.057759	0.057936	91.978	92.521
1.8455e-006	-0.012642	1.8548e-006	-0.013373	0.057696	0.057704	91.902	92.236
1.8455e-006	-0.012832	1.8548e-006	-0.012865	0.057917	0.057701	92.137	92.433
1.8455e-006	-0.013068	1.8547e-006	-0.012574	0.05762	0.057648	92.406	92.609
1.8455e-006	-0.013055	1.8547e-006	-0.012598	0.057367	0.05757	92.491	92.371
1.8455e-006	-0.012945	1.8547e-006	-0.012391	0.057414	0.057483	92.331	92.315
1.8456e-006	-0.013253	1.8547e-006	-0.011749	0.057311	0.057561	92.265	92.392
1.8456e-006	-0.01339	1.8547e-006	-0.012142	0.057354	0.057771	92.349	92.464
1.8456e-006	-0.012851	1.8547e-006	-0.010895	0.05752	0.057669	92.461	92.786
1.8457e-006	-0.012536	1.8547e-006	-0.010599	0.057751	0.057714	92.323	92.843
1.8457e-006	-0.012798	1.8546e-006	-0.011517	0.057504	0.05761	91.876	92.306
1.8457e-006	-0.012735	1.8546e-006	-0.011946	0.057441	0.05772	91.545	92.109
1.8457e-006	-0.012398	1.8546e-006	-0.012653	0.057558	0.057604	91.795	92.077
1.8457e-006	-0.011956	1.8545e-006	-0.013295	0.057548	0.057641	92.202	92.13
1.8458e-006	-0.012246	1.8545e-006	-0.013621	0.057672	0.057459	92.505	92.291
1.8458e-006	-0.012361	1.8545e-006	-0.013634	0.057797	0.057554	92.149	92.513
1.8458e-006	-0.012331	1.8545e-006	-0.012442	0.057937	0.057721	91.737	92.257
1.8458e-006	-0.012908	1.8545e-006	-0.011657	0.057758	0.057607	91.883	92.15
1.8458e-006	-0.013181	1.8545e-006	-0.011939	0.057596	0.05788	92.054	92.217
1.8458e-006	-0.012699	1.8545e-006	-0.01258	0.057385	0.058124	92.037	92.421
1.8458e-006	-0.012064	1.8545e-006	-0.012525	0.057162	0.057595	92.265	92.433
1.8458e-006	-0.012569	1.8544e-006	-0.012577	0.057348	0.057496	92.228	92.107
1.8459e-006	-0.013468	1.8544e-006	-0.012751	0.057654	0.057839	92.216	92.041
1.8459e-006	-0.013323	1.8544e-006	-0.012236	0.057709	0.057716	92.335	92.022
1.846e-006	-0.013064	1.8544e-006	-0.011617	0.057617	0.057446	92.386	92.148
1.8459e-006	-0.013264	1.8543e-006	-0.011824	0.057585	0.057788	92.119	92.07
1.8459e-006	-0.013431	1.8543e-006	-0.012267	0.057602	0.057987	92.323	92.008
1.8459e-006	-0.013619	1.8543e-006	-0.012556	0.057474	0.057782	92.327	92.166
1.8459e-006	-0.013353	1.8543e-006	-0.012138	0.057528	0.057628	91.918	92.043
1.846e-006	-0.012578	1.8543e-006	-0.012411	0.057532	0.057481	92.026	91.966
1.846e-006	-0.011676	1.8543e-006	-0.012779	0.057743	0.057517	91.987	92.251
1.846e-006	-0.011758	1.8543e-006	-0.013931	0.057788	0.057644	92.141	92.371
1.846e-006	-0.012592	1.8542e-006	-0.014082	0.057831	0.057564	92.052	92.435
1.846e-006	-0.012519	1.8542e-006	-0.012987	0.058013	0.057596	92.201	92.427
1.8461e-006	-0.013423	1.8542e-006	-0.012577	0.057895	0.057454	92.288	92.326
1.8461e-006	-0.012444	1.8542e-006	-0.012416	0.057796	0.0578	92.149	92.326
1.8461e-006	-0.012186	1.8542e-006	-0.012428	0.057706	0.057954	92.234	92.09
1.8461e-006	-0.012326	1.8542e-006	-0.012813	0.057571	0.057832	92.555	92.285
1.8462e-006	-0.011585	1.8541e-006	-0.012984	0.0579	0.057827	92.301	92.19
1.8462e-006	-0.011874	1.8541e-006	-0.012701	0.058054	0.057945	92.35	91.85
1.8462e-006	-0.011748	1.854e-006	-0.013131	0.057991	0.057681	92.161	92.124
1.8462e-006	-0.013062	1.854e-006	-0.013566	0.05798	0.057558	91.539	92.46
1.8462e-006	-0.013788	1.8541e-006	-0.013245	0.057888	0.057915	91.767	92.426
1.8462e-006	-0.013688	1.8541e-006	-0.013859	0.057784	0.05765	92.152	92.237
1.8463e-006	-0.014528	1.8541e-006	-0.01435	0.057625	0.057602	92.189	92.288
1.8463e-006	-0.013663	1.854e-006	-0.014996	0.057577	0.057457	92.223	92.158
1.8463e-006	-0.013218	1.854e-006	-0.014958	0.057514	0.057177	91.986	92.127
1.8464e-006	-0.013841	1.854e-006	-0.014437	0.057298	0.057173	92.184	92.181
1.8464e-006	-0.013505	1.854e-006	-0.014299	0.057739	0.057277	92.159	92.057
1.8463e-006	-0.013105	1.854e-006	-0.014238	0.057709	0.057463	92.142	92.143
1.8463e-006	-0.012385	1.854e-006	-0.01365	0.057963	0.0577	92.196	92.463
1.8464e-006	-0.012441	1.8539e-006	-0.013477	0.057718	0.057956	91.938	92.517
1.8464e-006	-0.012918	1.8539e-006	-0.011952	0.057669	0.05798	92.337	92.116
1.8464e-006	-0.012009	1.8539e-006	-0.012088	0.05767	0.057689	92.39	92.09
1.8464e-006	-0.011741	1.8538e-006	-0.012323	0.057607	0.05761	92.327	91.82
1.8465e-006	-0.012196	1.8538e-006	-0.012707	0.057473	0.057796	92.173	92.016
1.8465e-006	-0.011618	1.8537e-006	-0.013137	0.057318	0.057725	92.332	91.998
1.8465e-006	-0.011134	1.8537e-006	-0.012422	0.057571	0.057513	92.244	92.086
1.8465e-006	-0.011705	1.8537e-006	-0.011855	0.05771	0.057316	92.429	92.212
1.8466e-006	-0.012271	1.8537e-006	-0.01172	0.057569	0.057548	92.155	92.287
1.8466e-006	-0.011998	1.8537e-006	-0.012521	0.057726	0.05782	92.032	92.358
1.8466e-006	-0.012125	1.8536e-006	-0.013889	0.057586	0.057644	92.147	92.311
1.8466e-006	-0.011787	1.8536e-006	-0.014279	0.057445	0.057695	92.336	92.203
1.8467e-006	-0.011525	1.8537e-006	-0.013666	0.057434	0.05774	92.306	91.985
1.8467e-006	-0.011545	1.8537e-006	-0.013882	0.057424	0.057797	92.207	91.814
1.8467e-006	-0.011243	1.8536e-006	-0.013191	0.057335	0.057683	92.128	92.01
1.8467e-006	-0.011749	1.8536e-006	-0.013249	0.057375	0.057622	92.237	92.156
1.8467e-006	-0.012502	1.8536e-006	-0.013149	0.05756	0.057632	92.301	92.182
1.8467e-006	-0.012418	1.8536e-006	-0.012732	0.057812	0.057454	92.193	92.096
1.8467e-006	-0.012521	1.8536e-006	-0.013115	0.05787	0.057474	92.256	92.394
1.8468e-006	-0.01268	1.8536e-006	-0.012872	0.05779	0.057669	91.969	92.409
1.8468e-006	-0.013089	1.8535e-006	-0.013129	0.057622	0.057591	91.912	92.426
1.8468e-006	-0.01343	1.8535e-006	-0.012821	0.057533	0.057353	91.835	92.096
1.8469e-006	-0.013048	1.8534e-006	-0.012448	0.057818	0.057291	92.125	91.681
1.8469e-006	-0.012394	1.8534e-006	-0.012804	0.058018	0.057675	92.415	91.496
1.8469e-006	-0.012925	1.8534e-006	-0.012152	0.058104	0.057741	92.413	91.933
1.8469e-006	-0.011619	1.8534e-006	-0.011656	0.058176	0.057912	92.178	92.128
1.8469e-006	-0.011503	1.8534e-006	-0.011827	0.057735	0.057817	92.475	92.181
1.8469e-006	-0.011549	1.8534e-006	-0.01186	0.057648	0.057463	92.368	92.024
1.8469e-006	-0.011503	1.8534e-006	-0.010978	0.057667	0.057572	92.228	91.865
1.847e-006	-0.011481	1.8534e-006	-0.010691	0.057814	0.057423	91.915	91.745
1.847e-006	-0.012142	1.8533e-006	-0.011051	0.05795	0.057352	91.71	91.727
1.847e-006	-0.011337	1.8533e-006	-0.011947	0.057986	0.057532	92.003	91.896
1.847e-006	-0.011303	1.8534e-006	-0.01222	0.057863	0.057616	92.172	92.134
1.847e-006	-0.011876	1.8533e-006	-0.012369	0.057703	0.057399	92.412	92.315
1.8471e-006	-0.012424	1.8532e-006	-0.012459	0.057582	0.057511	92.356	92.251
1.8471e-006	-0.012819	1.8532e-006	-0.012146	0.057666	0.057583	92.148	92.117
1.8472e-006	-0.012073	1.8532e-006	-0.011394	0.057772	0.057688	91.783	92.263
1.8472e-006	-0.012703	1.8532e-006	-0.011646	0.057424	0.057533	92.022	92.488
1.8472e-006	-0.012382	1.8532e-006	-0.011375	0.057584	0.057646	92.081	92.372
1.8472e-006	-0.012168	1.8532e-006	-0.01189	0.057528	0.057846	92.283	92.198
1.8471e-006	-0.012157	1.8531e-006	-0.011749	0.057477	0.057741	92.352	92.193
1.8472e-006	-0.011756	1.8531e-006	-0.011845	0.05785	0.057788	92.278	92.23
1.8472e-006	-0.011566	1.8531e-006	-0.011852	0.057738	0.057526	92.036	92.04
1.8472e-006	-0.01214	1.8531e-006	-0.011224	0.057496	0.057536	91.862	92.195
1.8473e-006	-0.011811	1.8531e-006	-0.010883	0.057582	0.057833	92.075	92.071
1.8473e-006	-0.011339	1.8531e-006	-0.011125	0.057645	0.057768	92.168	92.133
1.8473e-006	-0.011745	1.853e-006	-0.011669	0.057597	0.057629	92.431	92.129
1.8473e-006	-0.01199	1.853e-006	-0.011638	0.05762	0.057713	92.334	91.744
1.8472e-006	-0.011799	1.853e-006	-0.011532	0.057599	0.057564	92.291	91.665
1.8473e-006	-0.011892	1.853e-006	-0.011119	0.057639	0.057645	92.401	92.143
1.8473e-006	-0.01261	1.853e-006	-0.011445	0.057603	0.057579	92.392	92.075
1.8474e-006	-0.013667	1.8529e-006	-0.011107	0.057485	0.057536	92.128	92.028
1.8474e-006	-0.013712	1.8529e-006	-0.011307	0.057571	0.057604	92.076	92.162
1.8474e-006	-0.012895	1.8529e-006	-0.011811	0.057776	0.05772	92.092	92.177
1.8474e-006	-0.01309	1.8529e-006	-0.011854	0.057942	0.057743	92.169	92.224
1.8475e-006	-0.012758	1.8529e-006	-0.011752	0.057776	0.057679	92.221	92.316
1.8475e-006	-0.012951	1.8529e-006	-0.012733	0.05788	0.057622	92.288	92.077
1.8475e-006	-0.013214	1.8529e-006	-0.012376	0.057867	0.057474	92.404	91.852
1.8475e-006	-0.012963	1.8528e-006	-0.012137	0.057501	0.057471	92.327	92.233
1.8475e-006	-0.0129	1.8528e-006	-0.012929	0.05731	0.057962	92.073	92.359
1.8475e-006	-0.012569	1.8528e-006	-0.013593	0.057535	0.057787	92.176	92.004
1.8475e-006	-0.012764	1.8528e-006	-0.013186	0.057836	0.057478	92.301	91.678
1.8475e-006	-0.012242	1.8527e-006	-0.012447	0.057715	0.057423	92.217	91.605
1.8476e-006	-0.012623	1.8527e-006	-0.01205	0.057458	0.057685	92.06	91.811
1.8476e-006	-0.012575	1.8527e-006	-0.012199	0.057443	0.057701	92.096	92.036
1.8476e-006	-0.011894	1.8527e-006	-0.012428	0.057521	0.057722	92.251	91.96
1.8476e-006	-0.01136	1.8527e-006	-0.01241	0.057188	0.057533	92.094	91.881
1.8476e-006	-0.012372	1.8527e-006	-0.012083	0.057311	0.057628	92.099	91.888
1.8476e-006	-0.013742	1.8526e-006	-0.011954	0.057292	0.057449	92.05	92.005
1.8477e-006	-0.013169	1.8526e-006	-0.011227	0.057139	0.057306	92.248	92.325
1.8477e-006	-0.013549	1.8526e-006	-0.012029	0.057433	0.057316	92.346	92.214
1.8477e-006	-0.013847	1.8526e-006	-0.012675	0.057548	0.057277	92.257	92.2
1.8478e-006	-0.013273	1.8525e-006	-0.013398	0.057612	0.057342	92.139	91.968
1.8478e-006	-0.013343	1.8525e-006	-0.012934	0.057714	0.057524	92.353	92.026
1.8478e-006	-0.013611	1.8525e-006	-0.013354	0.057551	0.05775	92.554	92.292
1.8478e-006	-0.012835	1.8525e-006	-0.013443	0.057841	0.057911	92.522	92.366
1.8478e-006	-0.012544	1.8525e-006	-0.01258	0.057915	0.058013	92.27	92.336
1.8478e-006	-0.013585	1.8525e-006	-0.0121	0.057961	0.057854	92.18	92.441
1.8478e-006	-0.013374	1.8525e-006	-0.011425	0.057876	0.057637	92.392	92.419
1.8479e-006	-0.013194	1.8524e-006	-0.011629	0.057933	0.057721	92.579	92.294
1.8479e-006	-0.012994	1.8524e-006	-0.011591	0.057913	0.057806	92.227	92.334
1.8479e-006	-0.012965	1.8524e-006	-0.012178	0.057795	0.057709	92.354	92.301
1.8479e-006	-0.012107	1.8524e-006	-0.011947	0.057924	0.057467	92.514	92.439
1.848e-006	-0.011707	1.8523e-006	-0.012386	0.05813	0.057416	92.212	92.451
1.848e-006	-0.012164	1.8523e-006	-0.012624	0.057985	0.057802	92.033	92.201
1.848e-006	-0.01267	1.8523e-006	-0.01199	0.057832	0.057807	91.878	92.154
1.848e-006	-0.012747	1.8523e-006	-0.011994	0.057628	0.05796	91.81	92.337
1.848e-006	-0.013197	1.8523e-006	-0.012174	0.057599	0.058031	91.812	92.445
1.848e-006	-0.012439	1.8522e-006	-0.012449	0.057672	0.057985	92.16	92.594
1.8481e-006	-0.012021	1.8522e-006	-0.011926	0.057793	0.057679	92.334	92.16
1.8481e-006	-0.011751	1.8522e-006	-0.012417	0.057932	0.057671	92.223	91.874
1.8482e-006	-0.011137	1.8522e-006	-0.01188	0.057848	0.057484	92.198	91.792
1.8482e-006	-0.011387	1.8522e-006	-0.011676	0.057584	0.05751	92.132	91.851
1.8482e-006	-0.011084	1.8522e-006	-0.011479	0.057517	0.057356	92.184	92.058
1.8482e-006	-0.010717	1.8522e-006	-0.011399	0.057688	0.057371	91.985	92.268
1.8482e-006	-0.011219	1.8521e-006	-0.012033	0.057548	0.057716	91.825	92.58
1.8483e-006	-0.012876	1.8521e-006	-0.012367	0.057123	0.057841	92.055	92.413
1.8483e-006	-0.013045	1.8521e-006	-0.011499	0.057327	0.057782	92.171	92.251
1.8482e-006	-0.013502	1.8521e-006	-0.01171	0.057354	0.05774	92.006	92.107
1.8482e-006	-0.012937	1.8521e-006	-0.011609	0.057192	0.05783	92.14	92.104
1.8483e-006	-0.012568	1.852e-006	-0.012187	0.057458	0.057557	92.021	92.354
1.8483e-006	-0.013037	1.852e-006	-0.011885	0.057685	0.057559	91.899	92.485
1.8483e-006	-0.013298	1.852e-006	-0.011627	0.057539	0.057403	91.965	92.361
1.8483e-006	-0.011982	1.852e-006	-0.011859	0.057605	0.057429	92.129	92.334
1.8484e-006	-0.011587	1.852e-006	-0.01184	0.057706	0.057708	92.332	92.458
1.8484e-006	-0.010629	1.852e-006	-0.012468	0.057772	0.057833	92.379	92.529
1.8484e-006	-0.011395	1.852e-006	-0.012331	0.057678	0.057813	92.179	92.717
1.8484e-006	-0.011565	1.852e-006	-0.012316	0.057547	0.057867	92.054	92.509
1.8484e-006	-0.011063	1.8519e-006	-0.012968	0.057542	0.057753	92.124	92.577
1.8484e-006	-0.012205	1.8518e-006	-0.012779	0.057661	0.057831	92.015	92.451
1.8485e-006	-0.011721	1.8518e-006	-0.012846	0.057676	0.057939	92.056	92.622
1.8485e-006	-0.011236	1.8518e-006	-0.013143	0.05741	0.057945	92.158	92.451
1.8486e-006	-0.011264	1.8518e-006	-0.013578	0.057026	0.057701	92.141	92.196
1.8486e-006	-0.011745	1.8517e-006	-0.013168	0.05718	0.057478	92.217	92.295
1.8486e-006	-0.012125	1.8517e-006	-0.013646	0.057548	0.057663	92.392	92.35
1.8486e-006	-0.012062	1.8517e-006	-0.013274	0.057833	0.057672	92.349	92.236
1.8486e-006	-0.01138	1.8517e-006	-0.013211	0.057979	0.057902	92.117	92.297
1.8486e-006	-0.011782	1.8517e-006	-0.013381	0.057739	0.057682	91.828	92.178
1.8486e-006	-0.012246	1.8517e-006	-0.013609	0.057689	0.057765	92.233	92.366
1.8486e-006	-0.012846	1.8517e-006	-0.013694	0.057702	0.057764	92.397	92.292
1.8487e-006	-0.013022	1.8517e-006	-0.012852	0.057815	0.057589	92.389	92.096
1.8487e-006	-0.012679	1.8517e-006	-0.012444	0.057644	0.057391	92.426	92.228
1.8487e-006	-0.013132	1.8516e-006	-0.012151	0.057432	0.057205	92.357	92.225
1.8487e-006	-0.013688	1.8515e-006	-0.011755	0.057541	0.057249	92.331	92.174
1.8487e-006	-0.013878	1.8515e-006	-0.011859	0.057712	0.057423	92.224	92.043
1.8488e-006	-0.013847	1.8516e-006	-0.012072	0.057632	0.057192	92.223	92.07
1.8488e-006	-0.013852	1.8516e-006	-0.011332	0.057697	0.057366	92.23	92.285
1.8488e-006	-0.013578	1.8515e-006	-0.01153	0.057527	0.057313	92.165	92.121
1.8488e-006	-0.014354	1.8515e-006	-0.012126	0.057419	0.057543	92.18	92.4
1.8488e-006	-0.015467	1.8515e-006	-0.012589	0.057591	0.057907	92.206	92.52
1.8488e-006	-0.014321	1.8514e-006	-0.012231	0.057855	0.057745	92.086	92.457
1.8489e-006	-0.013622	1.8515e-006	-0.01173	0.058054	0.057508	92.337	92.082
1.8489e-006	-0.014519	1.8515e-006	-0.011903	0.058149	0.05751	92.215	91.879
1.8489e-006	-0.013799	1.8515e-006	-0.012866	0.058064	0.057504	92.334	92.069
1.8489e-006	-0.013132	1.8514e-006	-0.012717	0.057949	0.057666	92.168	92.159
1.8489e-006	-0.012944	1.8514e-006	-0.012612	0.057678	0.057524	92.19	92.14
1.849e-006	-0.013489	1.8514e-006	-0.01254	0.057377	0.057596	91.955	92.036
1.849e-006	-0.014092	1.8514e-006	-0.011665	0.057491	0.057517	92.05	91.969
1.849e-006	-0.014249	1.8514e-006	-0.01254	0.057604	0.057489	92.028	91.763
1.849e-006	-0.013717	1.8514e-006	-0.012191	0.057967	0.057378	92.006	92.018
1.849e-006	-0.013201	1.8513e-006	-0.012611	0.058007	0.057665	92.263	92.134
1.8491e-006	-0.01356	1.8513e-006	-0.012014	0.057967	0.057675	92.257	92.335
1.8491e-006	-0.013773	1.8513e-006	-0.011669	0.057938	0.057591	91.971	92.394
1.8491e-006	-0.013727	1.8512e-006	-0.011697	0.057819	0.057447	92.221	92.358
1.8491e-006	-0.013294	1.8512e-006	-0.012022	0.057844	0.057744	92.298	92.293
1.8491e-006	-0.014216	1.8512e-006	-0.012358	0.057777	0.057732	92.262	91.974
1.8492e-006	-0.013957	1.8512e-006	-0.012772	0.057794	0.057617	92.242	91.822
1.8492e-006	-0.01345	1.8511e-006	-0.012355	0.05765	0.057321	91.809	91.935
1.8492e-006	-0.014043	1.8511e-006	-0.012503	0.057504	0.057405	91.996	92.065
1.8492e-006	-0.013865	1.8511e-006	-0.012337	0.057533	0.057741	92.275	92.07
1.8492e-006	-0.012842	1.8511e-006	-0.012301	0.057723	0.057701	92.386	92.534
1.8492e-006	-0.01253	1.8511e-006	-0.01164	0.057674	0.057437	92.155	92.197
1.8493e-006	-0.011987	1.8511e-006	-0.012634	0.057429	0.057588	91.978	92.164
1.8493e-006	-0.012195	1.851e-006	-0.013022	0.057455	0.057935	91.935	92.463
1.8494e-006	-0.011715	1.851e-006	-0.013893	0.057613	0.057722	92.226	92.401
1.8494e-006	-0.012095	1.851e-006	-0.013677	0.057858	0.057802	92.13	92.442
1.8494e-006	-0.012276	1.851e-006	-0.01331	0.057917	0.0577	92.281	92.347
1.8494e-006	-0.012962	1.851e-006	-0.011729	0.057937	0.057557	92.317	92.01
1.8494e-006	-0.013121	1.851e-006	-0.011025	0.057926	0.057601	92.649	92.072
1.8494e-006	-0.013062	1.851e-006	-0.011239	0.057844	0.057874	92.77	92.291
1.8494e-006	-0.013706	1.8509e-006	-0.012295	0.057818	0.058117	92.31	92.409
1.8494e-006	-0.01334	1.8509e-006	-0.013069	0.057543	0.057961	92.064	91.928
1.8494e-006	-0.013467	1.8508e-006	-0.013181	0.057704	0.057808	92.305	91.933
1.8495e-006	-0.013996	1.8508e-006	-0.012131	0.057903	0.05801	92.427	91.818
1.8495e-006	-0.0128	1.8508e-006	-0.01178	0.057771	0.057776	92.445	92.097
1.8495e-006	-0.012704	1.8508e-006	-0.011601	0.057472	0.057883	92.218	92.41
1.8495e-006	-0.012929	1.8508e-006	-0.012333	0.057393	0.057854	92.314	92.285
1.8495e-006	-0.012738	1.8508e-006	-0.012896	0.057563	0.057656	92.243	92.272
1.8496e-006	-0.012953	1.8508e-006	-0.013577	0.057339	0.05736	92.193	91.993
1.8496e-006	-0.012592	1.8507e-006	-0.013491	0.057513	0.057592	92.248	92.173
1.8496e-006	-0.012082	1.8507e-006	-0.013466	0.057693	0.057721	92.172	92.157
1.8496e-006	-0.013007	1.8507e-006	-0.012771	0.057667	0.057877	92.289	92.221
1.8496e-006	-0.013288	1.8507e-006	-0.011773	0.05771	0.057923	92.211	92.457
1.8496e-006	-0.013449	1.8507e-006	-0.012709	0.057865	0.057768	92.179	92.304
1.8497e-006	-0.012913	1.8507e-006	-0.012897	0.05789	0.057789	92.184	92.007
1.8497e-006	-0.012156	1.8507e-006	-0.012791	0.058018	0.057725	92.308	92.026
1.8498e-006	-0.011939	1.8506e-006	-0.013232	0.05796	0.057499	92.034	92.186
1.8498e-006	-0.012344	1.8506e-006	-0.012783	0.057507	0.05757	91.888	92.24
1.8498e-006	-0.011206	1.8506e-006	-0.012022	0.05744	0.057348	92.192	92.121
1.8498e-006	-0.011466	1.8506e-006	-0.012227	0.057704	0.057043	92.175	92.211
1.8498e-006	-0.011798	1.8505e-006	-0.011936	0.057659	0.056909	92.235	92.149
1.8498e-006	-0.011348	1.8505e-006	-0.012286	0.057586	0.056983	92.334	92.112
1.8498e-006	-0.012008	1.8505e-006	-0.011437	0.057474	0.057172	92.395	92.225
1.8498e-006	-0.012368	1.8505e-006	-0.012146	0.057675	0.05733	92.274	92.177
1.8499e-006	-0.012759	1.8505e-006	-0.012988	0.057683	0.057344	92.259	92.157
1.8499e-006	-0.012891	1.8505e-006	-0.013124	0.057651	0.057592	92.054	92.065
1.8499e-006	-0.013397	1.8505e-006	-0.013063	0.057802	0.057939	92.192	92.115
1.8499e-006	-0.014031	1.8504e-006	-0.01241	0.05797	0.057775	92.283	92.281
1.85e-006	-0.013792	1.8504e-006	-0.012624	0.058019	0.057567	92.216	92.368
1.85e-006	-0.013933	1.8503e-006	-0.013114	0.057779	0.057795	92.133	92.473
1.85e-006	-0.013871	1.8503e-006	-0.013468	0.05785	0.057764	92.153	92.539
1.8501e-006	-0.013421	1.8504e-006	-0.013402	0.057621	0.057614	92.145	92.221
1.8501e-006	-0.013216	1.8504e-006	-0.012739	0.057672	0.057689	92.053	92.058
1.8501e-006	-0.013496	1.8503e-006	-0.012713	0.057502	0.057709	92.089	92.113
1.8501e-006	-0.013844	1.8503e-006	-0.012774	0.057507	0.057559	92.323	92.078
1.8502e-006	-0.013343	1.8503e-006	-0.012295	0.057412	0.057451	92.083	92.404
1.8501e-006	-0.012499	1.8503e-006	-0.012927	0.05726	0.057579	92.114	92.112
1.8501e-006	-0.011395	1.8502e-006	-0.012362	0.057437	0.057534	92.309	91.928
1.8501e-006	-0.01136	1.8502e-006	-0.012142	0.057566	0.057565	92.344	91.733
1.8502e-006	-0.011714	1.8502e-006	-0.011888	0.057678	0.057641	92.211	92.128
1.8502e-006	-0.01245	1.8502e-006	-0.011674	0.057592	0.057892	92.222	92.176
1.8502e-006	-0.012394	1.8502e-006	-0.010748	0.057516	0.057723	92.454	92.181
1.8502e-006	-0.012081	1.8501e-006	-0.010179	0.057471	0.057755	92.353	92.234
1.8502e-006	-0.013025	1.8501e-006	-0.010752	0.057466	0.057654	92.255	92.287
1.8503e-006	-0.013269	1.8501e-006	-0.010432	0.05743	0.057769	92.493	92.225
1.8503e-006	-0.012439	1.8501e-006	-0.010876	0.057471	0.05776	92.581	92.176
1.8503e-006	-0.012182	1.8501e-006	-0.0099742	0.057468	0.057757	92.53	92.26
1.8503e-006	-0.012975	1.8501e-006	-0.0098801	0.057513	0.057446	92.391	92.395
1.8504e-006	-0.014024	1.85e-006	-0.0095034	0.057674	0.057466	92.529	92.201
1.8504e-006	-0.013903	1.85e-006	-0.010403	0.057654	0.057582	92.404	92.154
1.8504e-006	-0.013833	1.85e-006	-0.011786	0.057912	0.057734	92.074	92.089
1.8504e-006	-0.013025	1.85e-006	-0.011806	0.058045	0.057681	91.855	91.968
1.8504e-006	-0.013336	1.85e-006	-0.011567	0.057964	0.057559	91.899	92.29
1.8504e-006	-0.01328	1.85e-006	-0.012066	0.057659	0.057395	92.054	92.33
1.8504e-006	-0.013467	1.8499e-006	-0.012544	0.057664	0.05747	92.008	92.517
1.8504e-006	-0.013695	1.8499e-006	-0.011657	0.057581	0.057479	91.813	92.694
1.8505e-006	-0.013674	1.8499e-006	-0.011107	0.057628	0.057279	92.07	92.576
1.8505e-006	-0.013683	1.8499e-006	-0.010979	0.057449	0.057467	92.027	92.552
1.8505e-006	-0.01332	1.8499e-006	-0.010907	0.05731	0.057432	92.248	92.418
1.8505e-006	-0.013893	1.8499e-006	-0.012164	0.057663	0.057477	91.971	92.183
1.8505e-006	-0.013946	1.8499e-006	-0.01236	0.057452	0.057709	92.055	92.21
1.8505e-006	-0.014308	1.8499e-006	-0.012097	0.057321	0.057814	92.335	92.236
1.8506e-006	-0.013685	1.8498e-006	-0.013341	0.057372	0.057667	92.265	92.206
1.8506e-006	-0.012595	1.8498e-006	-0.012502	0.057453	0.05774	92.367	92.083
1.8506e-006	-0.012744	1.8497e-006	-0.011774	0.057936	0.057964	92.237	92.04
1.8506e-006	-0.012999	1.8497e-006	-0.012492	0.057792	0.057903	91.853	92.207
1.8506e-006	-0.013036	1.8497e-006	-0.013117	0.057859	0.058031	91.832	92.08
1.8507e-006	-0.013559	1.8497e-006	-0.013198	0.05762	0.057808	91.977	91.737
1.8507e-006	-0.014365	1.8496e-006	-0.013437	0.057697	0.05767	92.142	91.858
1.8508e-006	-0.013971	1.8496e-006	-0.013603	0.057503	0.057543	92.113	92.33
1.8508e-006	-0.012989	1.8496e-006	-0.012754	0.057362	0.057667	91.895	92.294
1.8508e-006	-0.012658	1.8496e-006	-0.012004	0.057645	0.057775	92.055	92.489
1.8508e-006	-0.013195	1.8496e-006	-0.011225	0.057585	0.058068	92.11	92.626
1.8508e-006	-0.014669	1.8496e-006	-0.012339	0.057758	0.058051	92.398	92.327
1.8508e-006	-0.014797	1.8496e-006	-0.01361	0.057861	0.057839	92.355	92.083
1.8508e-006	-0.014293	1.8495e-006	-0.012909	0.057713	0.057689	92.355	92.169
1.8508e-006	-0.01362	1.8495e-006	-0.012301	0.057836	0.057706	92.57	92.26
1.8509e-006	-0.013926	1.8495e-006	-0.01249	0.058001	0.057887	92.351	92.212
1.8509e-006	-0.014015	1.8495e-006	-0.01178	0.057942	0.057887	92.226	92.368
1.8509e-006	-0.013125	1.8495e-006	-0.01186	0.05779	0.058093	91.966	92.459
1.8509e-006	-0.013373	1.8495e-006	-0.012436	0.05741	0.058322	92.042	92.354
1.851e-006	-0.01397	1.8494e-006	-0.011733	0.057138	0.058172	92.151	92.311
1.851e-006	-0.014426	1.8493e-006	-0.012711	0.057377	0.057833	92.191	92.297
1.8511e-006	-0.014543	1.8493e-006	-0.01296	0.057701	0.05792	92.07	92.453
1.8511e-006	-0.013961	1.8493e-006	-0.013189	0.057613	0.057723	92.167	92.168
1.851e-006	-0.013527	1.8494e-006	-0.013551	0.05762	0.057517	92.227	92.376
1.851e-006	-0.01335	1.8494e-006	-0.012978	0.057642	0.057489	92.159	92.3
1.8511e-006	-0.013887	1.8493e-006	-0.01328	0.057683	0.057235	91.842	92.185
1.8512e-006	-0.014714	1.8492e-006	-0.014049	0.057865	0.057432	91.929	92.235
1.8512e-006	-0.014488	1.8492e-006	-0.014588	0.05797	0.057615	91.978	92.141
1.8512e-006	-0.014758	1.8492e-006	-0.014432	0.057716	0.057763	91.887	91.927
1.8512e-006	-0.015241	1.8492e-006	-0.014038	0.057504	0.057644	91.961	92.077
1.8512e-006	-0.015535	1.8492e-006	-0.013706	0.057584	0.057849	92.051	92.225
1.8513e-006	-0.015233	1.8492e-006	-0.013579	0.057489	0.057714	92.035	92.078
1.8512e-006	-0.014243	1.8492e-006	-0.014397	0.057768	0.057429	92.284	92.085
1.8512e-006	-0.014613	1.8491e-006	-0.014817	0.058004	0.057425	92.371	92.073
1.8512e-006	-0.013965	1.8491e-006	-0.015513	0.058014	0.057406	92.175	91.956
1.8512e-006	-0.013398	1.8491e-006	-0.015047	0.0578	0.057371	92.065	91.894
1.8512e-006	-0.013294	1.8491e-006	-0.014247	0.057709	0.057261	92.499	92.151
1.8512e-006	-0.013521	1.8491e-006	-0.014881	0.057689	0.057275	92.409	92.238
1.8513e-006	-0.014188	1.8491e-006	-0.013778	0.057427	0.057378	92.403	92.132
1.8513e-006	-0.014414	1.8491e-006	-0.013887	0.057429	0.057371	92.325	92.175
1.8513e-006	-0.013303	1.8491e-006	-0.01381	0.057405	0.057634	92.556	92.121
1.8514e-006	-0.013256	1.849e-006	-0.014017	0.057749	0.057956	92.365	92.343
1.8514e-006	-0.014211	1.849e-006	-0.013071	0.057819	0.058073	92.449	92.033
1.8514e-006	-0.01359	1.8489e-006	-0.013558	0.058041	0.057789	92.571	92.036
1.8515e-006	-0.013535	1.8489e-006	-0.013424	0.057972	0.057651	92.294	92.268
1.8515e-006	-0.013163	1.8489e-006	-0.012561	0.057887	0.057776	92.208	91.976
1.8515e-006	-0.014011	1.8489e-006	-0.012071	0.057721	0.057825	92.183	92.074
1.8515e-006	-0.013584	1.8488e-006	-0.012746	0.057436	0.057635	92.132	92.261
1.8516e-006	-0.012644	1.8488e-006	-0.012683	0.057209	0.057561	92.323	92.171
1.8516e-006	-0.012702	1.8488e-006	-0.012667	0.057097	0.05752	92.16	92.296
1.8517e-006	-0.014162	1.8488e-006	-0.012852	0.057323	0.057572	91.984	92.176
1.8516e-006	-0.015126	1.8487e-006	-0.012536	0.057851	0.057779	92.063	91.792
1.8516e-006	-0.015259	1.8488e-006	-0.013742	0.057898	0.057629	91.899	91.938
1.8516e-006	-0.014069	1.8488e-006	-0.014437	0.057661	0.057336	92.004	92.159
1.8516e-006	-0.01347	1.8488e-006	-0.013907	0.057755	0.057179	92.384	91.991
1.8516e-006	-0.01389	1.8488e-006	-0.01266	0.057857	0.057602	92.442	91.881
1.8516e-006	-0.014113	1.8487e-006	-0.012525	0.057876	0.057769	92.521	91.774
1.8517e-006	-0.014106	1.8487e-006	-0.013742	0.057994	0.057633	92.454	91.905
1.8517e-006	-0.014179	1.8488e-006	-0.013752	0.057796	0.057659	92.276	92.06
1.8517e-006	-0.014321	1.8487e-006	-0.013872	0.05794	0.057547	92.083	92.368
1.8517e-006	-0.014974	1.8486e-006	-0.013493	0.058043	0.057558	92.003	92.404
1.8517e-006	-0.014515	1.8486e-006	-0.013714	0.057926	0.057546	91.688	92.468
1.8517e-006	-0.014132	1.8486e-006	-0.013685	0.057653	0.057455	91.946	92.462
1.8518e-006	-0.014045	1.8486e-006	-0.013413	0.057543	0.05775	92.216	92.593
1.8518e-006	-0.013503	1.8486e-006	-0.013559	0.057545	0.058279	92.132	92.507
1.8518e-006	-0.014503	1.8486e-006	-0.013516	0.05741	0.058338	91.865	92.255
1.8518e-006	-0.01479	1.8485e-006	-0.014079	0.057896	0.057944	91.687	92.452
1.8518e-006	-0.014256	1.8485e-006	-0.013251	0.057955	0.057933	92.03	92.144
1.8519e-006	-0.013553	1.8485e-006	-0.013338	0.05782	0.058217	92.431	91.943
1.8519e-006	-0.012703	1.8485e-006	-0.013328	0.057789	0.058149	92.273	92.026
1.8519e-006	-0.012661	1.8485e-006	-0.013983	0.057639	0.057598	92.21	92.201
1.8519e-006	-0.011855	1.8485e-006	-0.014644	0.057591	0.057472	92.595	92.507
1.852e-006	-0.011878	1.8485e-006	-0.014377	0.057563	0.057379	92.578	92.595
1.852e-006	-0.012882	1.8484e-006	-0.01365	0.057908	0.057613	92.069	92.811
1.852e-006	-0.012816	1.8484e-006	-0.012562	0.057851	0.057497	92.038	92.678
1.852e-006	-0.013175	1.8484e-006	-0.012177	0.057579	0.057709	92.082	92.515
1.852e-006	-0.014099	1.8483e-006	-0.011972	0.057386	0.057467	92.046	92.219
1.8521e-006	-0.014824	1.8483e-006	-0.011928	0.05747	0.057447	92.03	92.331
1.8521e-006	-0.014449	1.8484e-006	-0.012447	0.05755	0.057527	92.048	92.504
1.8521e-006	-0.014142	1.8484e-006	-0.013311	0.057688	0.057688	92.093	92.497
1.8521e-006	-0.013558	1.8484e-006	-0.013685	0.057683	0.057861	92.108	92.318
1.8521e-006	-0.013294	1.8483e-006	-0.012705	0.057719	0.057631	92.044	91.993
1.8521e-006	-0.013714	1.8482e-006	-0.012984	0.057653	0.057701	92.088	92.172
1.8522e-006	-0.01384	1.8482e-006	-0.012822	0.057716	0.05751	92.521	92.489
1.8522e-006	-0.014777	1.8482e-006	-0.013082	0.058004	0.057195	92.382	92.633
1.8522e-006	-0.015476	1.8481e-006	-0.013652	0.057645	0.057269	92.123	92.596
1.8522e-006	-0.015258	1.8481e-006	-0.013663	0.057602	0.057573	92	92.211
1.8522e-006	-0.015811	1.8481e-006	-0.013436	0.057627	0.057764	92.055	92.259
1.8522e-006	-0.016134	1.8481e-006	-0.014341	0.057412	0.05773	91.9	92.034
1.8523e-006	-0.015831	1.8481e-006	-0.014228	0.057242	0.057463	92.009	92.125
1.8523e-006	-0.015842	1.848e-006	-0.013527	0.057213	0.057614	92.123	92.193
1.8523e-006	-0.015221	1.848e-006	-0.013697	0.057445	0.057623	92.268	92.127
1.8523e-006	-0.014428	1.848e-006	-0.014391	0.057683	0.057779	92.38	92.122
1.8523e-006	-0.014972	1.848e-006	-0.013425	0.057689	0.057981	92.301	91.903
1.8524e-006	-0.014602	1.848e-006	-0.012952	0.057982	0.057839	92.137	91.87
1.8524e-006	-0.014262	1.848e-006	-0.01304	0.057943	0.057401	92.08	91.967
1.8524e-006	-0.015246	1.848e-006	-0.012654	0.057911	0.057571	92.215	92.044
1.8524e-006	-0.014895	1.848e-006	-0.01295	0.057669	0.057795	92.325	91.897
1.8525e-006	-0.015053	1.848e-006	-0.012269	0.05755	0.057849	92.442	92.009
1.8525e-006	-0.015214	1.848e-006	-0.013014	0.057697	0.057875	92.226	92.433
1.8525e-006	-0.015345	1.848e-006	-0.012925	0.057929	0.05784	92.202	92.354
1.8525e-006	-0.015607	1.8479e-006	-0.012587	0.057967	0.057774	92.33	92.453
1.8525e-006	-0.015478	1.8479e-006	-0.013002	0.057732	0.057818	92.452	92.283
1.8525e-006	-0.014911	1.8478e-006	-0.013398	0.057864	0.057644	92.256	92.016
1.8525e-006	-0.015267	1.8478e-006	-0.013075	0.057939	0.057385	92.362	91.933
1.8526e-006	-0.015599	1.8478e-006	-0.012922	0.05775	0.057299	92.23	91.978
1.8526e-006	-0.015676	1.8478e-006	-0.012445	0.057894	0.057363	92.258	91.871
1.8527e-006	-0.015327	1.8478e-006	-0.012529	0.058066	0.057496	92.114	92.029
1.8527e-006	-0.015037	1.8478e-006	-0.011952	0.057899	0.057849	92.083	91.911
1.8527e-006	-0.013672	1.8477e-006	-0.01249	0.057933	0.058085	92.033	91.85
1.8527e-006	-0.013709	1.8477e-006	-0.012523	0.057621	0.057831	92.052	92.15
1.8528e-006	-0.013818	1.8477e-006	-0.012844	0.057607	0.057563	92.307	91.986
1.8527e-006	-0.013931	1.8477e-006	-0.012981	0.057644	0.057613	92.32	92.28
1.8527e-006	-0.014681	1.8477e-006	-0.013377	0.057597	0.057704	92.498	92.12
1.8527e-006	-0.014439	1.8477e-006	-0.012735	0.057521	0.057843	92.392	91.981
1.8527e-006	-0.014828	1.8477e-006	-0.012471	0.057722	0.057615	92.5	92.138
1.8528e-006	-0.015228	1.8477e-006	-0.012648	0.057561	0.057381	92.48	91.999
1.8528e-006	-0.014137	1.8476e-006	-0.012305	0.057716	0.057402	92.362	91.866
1.8528e-006	-0.013279	1.8476e-006	-0.011503	0.057749	0.057516	91.985	92.037
1.8528e-006	-0.013667	1.8476e-006	-0.011969	0.05771	0.057523	92.161	91.945
1.8528e-006	-0.013653	1.8475e-006	-0.012391	0.057691	0.057545	92.312	91.957
1.8528e-006	-0.013761	1.8475e-006	-0.012426	0.057923	0.057499	92.308	92.198
1.8529e-006	-0.014572	1.8475e-006	-0.012987	0.058265	0.057558	92.209	91.978
1.8529e-006	-0.014099	1.8475e-006	-0.01263	0.058098	0.057626	92.163	92.379
1.853e-006	-0.013695	1.8475e-006	-0.013173	0.058057	0.057476	92.159	92.346
1.853e-006	-0.014207	1.8475e-006	-0.013694	0.057806	0.057315	92.408	92.472
1.853e-006	-0.013578	1.8475e-006	-0.01332	0.057712	0.057484	92.497	92.28
1.853e-006	-0.013934	1.8474e-006	-0.012901	0.057921	0.057669	92.221	92.141
1.853e-006	-0.014252	1.8474e-006	-0.012044	0.05795	0.057771	91.93	92.204
1.853e-006	-0.014597	1.8474e-006	-0.012964	0.05783	0.057699	91.908	92.051
1.8531e-006	-0.015243	1.8473e-006	-0.013735	0.057571	0.057588	92.375	91.886
1.8531e-006	-0.015549	1.8473e-006	-0.014168	0.057658	0.057331	92.32	92.218
1.8531e-006	-0.014834	1.8473e-006	-0.014383	0.05762	0.057238	92.383	92.324
1.8531e-006	-0.01492	1.8473e-006	-0.015119	0.057714	0.057311	92.054	92.471
1.8531e-006	-0.015362	1.8473e-006	-0.014908	0.057719	0.057546	92.192	92.358
1.8532e-006	-0.014591	1.8473e-006	-0.01444	0.057942	0.057504	92.327	92.256
1.8532e-006	-0.014099	1.8473e-006	-0.014256	0.057738	0.057381	92.349	92.172
1.8532e-006	-0.014577	1.8473e-006	-0.014354	0.057704	0.057648	92.018	92.339
1.8532e-006	-0.015948	1.8473e-006	-0.014319	0.057687	0.058021	92.023	92.505
1.8532e-006	-0.015806	1.8472e-006	-0.01447	0.057524	0.057982	91.971	92.52
1.8533e-006	-0.016116	1.8472e-006	-0.01472	0.057515	0.05775	92.117	92.402
1.8533e-006	-0.015607	1.8472e-006	-0.013878	0.057399	0.05775	92.033	92.259
1.8532e-006	-0.015209	1.8472e-006	-0.013315	0.057707	0.057502	92.277	92.285
1.8532e-006	-0.014297	1.8471e-006	-0.012833	0.05774	0.057532	92.611	92.227
1.8533e-006	-0.014314	1.8471e-006	-0.012772	0.057822	0.057801	92.68	92.098
1.8533e-006	-0.014656	1.8471e-006	-0.01302	0.057814	0.057493	92.498	92.15
1.8533e-006	-0.014803	1.8471e-006	-0.014147	0.057625	0.057232	92.447	92.105
1.8534e-006	-0.014972	1.847e-006	-0.013573	0.057678	0.057287	92.187	91.879
1.8534e-006	-0.014826	1.847e-006	-0.013912	0.057818	0.057427	92.213	91.811
1.8534e-006	-0.013632	1.847e-006	-0.014826	0.057838	0.057294	92.448	91.778
1.8535e-006	-0.013326	1.847e-006	-0.014812	0.057731	0.057098	92.262	91.93
1.8535e-006	-0.01328	1.847e-006	-0.014663	0.057422	0.057521	92.285	91.884
1.8534e-006	-0.012891	1.8469e-006	-0.014517	0.057555	0.057499	92.296	92.216
1.8534e-006	-0.012672	1.8469e-006	-0.01391	0.057411	0.057675	92.369	92.277
1.8535e-006	-0.012174	1.8469e-006	-0.01354	0.057375	0.057627	92.32	92.215
1.8535e-006	-0.012851	1.8469e-006	-0.014148	0.057712	0.057522	92.501	92.186
1.8535e-006	-0.013046	1.8469e-006	-0.014414	0.05798	0.057578	92.75	92.059
1.8536e-006	-0.013452	1.8469e-006	-0.013477	0.057996	0.057605	92.506	91.97
1.8536e-006	-0.013825	1.8468e-006	-0.012968	0.057814	0.057569	92.302	92.142
1.8536e-006	-0.013825	1.8468e-006	-0.013965	0.057806	0.05776	92.173	92.089
1.8537e-006	-0.013051	1.8468e-006	-0.013708	0.057776	0.057868	92.24	92.138
1.8537e-006	-0.012853	1.8468e-006	-0.013133	0.057803	0.05784	92.122	92.326
1.8537e-006	-0.013104	1.8467e-006	-0.013663	0.057614	0.057379	92.257	92.185
1.8537e-006	-0.012424	1.8467e-006	-0.01341	0.057545	0.057347	92.331	92.192
1.8537e-006	-0.01228	1.8467e-006	-0.01393	0.057818	0.057422	92.189	92.323
1.8537e-006	-0.012579	1.8467e-006	-0.013923	0.057925	0.057472	92.107	92.595
1.8537e-006	-0.012839	1.8466e-006	-0.01336	0.057685	0.057734	92.179	92.68
1.8537e-006	-0.01314	1.8466e-006	-0.013135	0.057805	0.057889	92.212	92.462
1.8538e-006	-0.014	1.8466e-006	-0.013219	0.057881	0.057783	92.426	92.32
1.8538e-006	-0.014298	1.8466e-006	-0.01361	0.057732	0.057697	92.187	92.274
1.8538e-006	-0.013731	1.8466e-006	-0.013022	0.057286	0.05773	92.337	92.294
1.8539e-006	-0.012965	1.8466e-006	-0.01269	0.057183	0.057889	92.094	91.901
1.8539e-006	-0.013464	1.8465e-006	-0.013168	0.057352	0.057758	92.16	91.999
1.8539e-006	-0.014334	1.8465e-006	-0.013852	0.057287	0.057603	92.241	92.179
1.8539e-006	-0.01441	1.8465e-006	-0.013308	0.057548	0.057728	92.336	92.413
1.8539e-006	-0.01442	1.8465e-006	-0.01364	0.05773	0.057787	92.177	92.148
1.854e-006	-0.014479	1.8465e-006	-0.013906	0.057409	0.057585	91.95	91.962
1.854e-006	-0.014601	1.8465e-006	-0.013311	0.057423	0.057572	92.205	91.904
1.854e-006	-0.014396	1.8464e-006	-0.013366	0.057689	0.057511	92.312	92.168
1.854e-006	-0.014491	1.8464e-006	-0.013256	0.057776	0.057548	92.445	92.21
1.854e-006	-0.014862	1.8464e-006	-0.013566	0.057728	0.057567	92.371	92.146
1.854e-006	-0.014913	1.8464e-006	-0.013299	0.057812	0.057432	92.37	92.083
1.8541e-006	-0.014495	1.8463e-006	-0.013098	0.057584	0.057558	92.13	92.204
1.8541e-006	-0.014809	1.8463e-006	-0.012754	0.057489	0.057601	92.323	92.261
1.8541e-006	-0.01457	1.8463e-006	-0.013055	0.057492	0.057565	92	92.196
1.8541e-006	-0.01357	1.8463e-006	-0.012205	0.057448	0.05766	92.265	92.045
1.8541e-006	-0.01408	1.8463e-006	-0.012748	0.057626	0.057806	92.29	91.79
1.8542e-006	-0.014496	1.8463e-006	-0.013323	0.057691	0.057738	92.432	91.753
1.8542e-006	-0.014837	1.8462e-006	-0.012606	0.057811	0.05776	92.22	91.909
1.8542e-006	-0.014789	1.8462e-006	-0.012994	0.057594	0.057695	92.014	91.792
1.8542e-006	-0.0142	1.8462e-006	-0.012923	0.057442	0.057803	92.019	91.631
1.8543e-006	-0.014517	1.8462e-006	-0.012375	0.057626	0.057945	91.909	91.873
1.8543e-006	-0.015534	1.8462e-006	-0.011681	0.057807	0.05757	91.969	91.989
1.8543e-006	-0.014378	1.8462e-006	-0.011544	0.057608	0.057774	91.751	92.352
1.8543e-006	-0.013058	1.8462e-006	-0.01155	0.057477	0.057608	91.953	92.548
1.8543e-006	-0.012887	1.8461e-006	-0.011766	0.057497	0.05767	92.166	92.66
1.8544e-006	-0.013089	1.8461e-006	-0.012255	0.057274	0.057819	92.565	92.354
1.8544e-006	-0.013442	1.8461e-006	-0.011804	0.057321	0.057712	92.931	92.293
1.8544e-006	-0.013629	1.8461e-006	-0.010977	0.05759	0.057447	92.849	92.311
1.8544e-006	-0.014278	1.846e-006	-0.011483	0.057642	0.057228	92.648	92.361
1.8544e-006	-0.014399	1.846e-006	-0.012535	0.057828	0.057497	92.757	92.615
1.8544e-006	-0.014175	1.846e-006	-0.013093	0.057976	0.057702	92.51	92.623
1.8544e-006	-0.014193	1.846e-006	-0.013131	0.058057	0.057778	92.001	92.573
1.8545e-006	-0.01406	1.846e-006	-0.012047	0.058016	0.057851	91.788	92.48
1.8545e-006	-0.013499	1.846e-006	-0.011898	0.05795	0.057679	92.065	92.251
1.8545e-006	-0.014253	1.8459e-006	-0.012209	0.057743	0.057721	92.304	92.061
1.8545e-006	-0.015987	1.8459e-006	-0.01238	0.057564	0.057944	92.153	91.985
1.8545e-006	-0.015947	1.8459e-006	-0.012931	0.057646	0.057766	92.265	92.111
1.8546e-006	-0.014943	1.8458e-006	-0.012101	0.057677	0.05776	92.199	92.019
1.8546e-006	-0.013824	1.8458e-006	-0.011849	0.057778	0.057901	92.237	92.088
1.8547e-006	-0.014262	1.8458e-006	-0.011981	0.057819	0.057714	92.171	91.85
1.8547e-006	-0.014011	1.8458e-006	-0.012007	0.057768	0.05779	92.052	91.871
1.8547e-006	-0.015057	1.8458e-006	-0.011663	0.057685	0.058001	92.198	92.27
1.8547e-006	-0.015636	1.8458e-006	-0.010879	0.057615	0.058125	92.242	92.289
1.8547e-006	-0.016035	1.8458e-006	-0.011736	0.057794	0.058167	92.467	92.044
1.8547e-006	-0.015395	1.8457e-006	-0.011762	0.057789	0.058206	92.477	91.882
1.8547e-006	-0.01515	1.8457e-006	-0.012137	0.057827	0.057972	92.294	91.772
1.8547e-006	-0.015844	1.8457e-006	-0.012085	0.057892	0.05751	92.4	92.063
1.8547e-006	-0.015284	1.8457e-006	-0.012319	0.057834	0.057381	92.311	92.194
1.8547e-006	-0.015135	1.8457e-006	-0.012381	0.057626	0.05764	92.142	92.264
1.8547e-006	-0.015476	1.8457e-006	-0.011847	0.057656	0.057719	92.11	92.481
1.8548e-006	-0.015584	1.8456e-006	-0.011752	0.05792	0.057685	92.087	92.274
1.8548e-006	-0.01559	1.8456e-006	-0.01218	0.057943	0.057422	92.094	92.396
1.8549e-006	-0.015657	1.8456e-006	-0.013155	0.057666	0.057323	92.023	92.405
1.8549e-006	-0.01488	1.8456e-006	-0.012994	0.057578	0.057578	92.254	92.328
1.8549e-006	-0.014519	1.8456e-006	-0.013486	0.057644	0.057601	92.294	92.019
1.8549e-006	-0.014854	1.8455e-006	-0.01269	0.057442	0.057863	92.297	91.85
1.8549e-006	-0.015032	1.8455e-006	-0.012523	0.057484	0.057856	92.168	91.969
1.8549e-006	-0.015479	1.8455e-006	-0.012908	0.057822	0.057703	92.211	91.868
1.855e-006	-0.015073	1.8455e-006	-0.013005	0.057887	0.057486	92.409	91.856
1.855e-006	-0.014728	1.8455e-006	-0.01196	0.057914	0.057297	92.308	91.905
1.8551e-006	-0.014724	1.8455e-006	-0.011635	0.057921	0.057677	92.404	92.166
1.855e-006	-0.01365	1.8455e-006	-0.012696	0.057799	0.057768	92.58	92.087
1.855e-006	-0.013267	1.8454e-006	-0.013392	0.057828	0.057765	92.443	92.15
1.855e-006	-0.014509	1.8454e-006	-0.012606	0.057656	0.057702	92.32	91.929
1.8551e-006	-0.01457	1.8454e-006	-0.012169	0.057964	0.057867	92.36	91.996
1.8551e-006	-0.014602	1.8453e-006	-0.012358	0.057616	0.058141	92.461	91.969
1.8551e-006	-0.015411	1.8453e-006	-0.012517	0.057925	0.058032	92.155	92.248
1.8551e-006	-0.014999	1.8453e-006	-0.013415	0.058079	0.057898	92.032	92.285
1.8551e-006	-0.015122	1.8453e-006	-0.012617	0.057728	0.05772	91.985	92.184
1.8552e-006	-0.013896	1.8453e-006	-0.013222	0.057688	0.057697	92.15	92.082
1.8552e-006	-0.013794	1.8453e-006	-0.013603	0.057665	0.057657	91.903	92.027
1.8552e-006	-0.014606	1.8453e-006	-0.012608	0.057366	0.057715	91.989	92.159
1.8552e-006	-0.014238	1.8452e-006	-0.011671	0.057442	0.058024	92.554	92.146
1.8552e-006	-0.014272	1.8452e-006	-0.012226	0.057459	0.057747	92.571	92.036
1.8552e-006	-0.014867	1.8452e-006	-0.012083	0.057427	0.057693	92.522	92.274
1.8553e-006	-0.014977	1.8452e-006	-0.011733	0.057696	0.057452	92.441	92.466
1.8553e-006	-0.013175	1.8451e-006	-0.011964	0.057758	0.057561	92.298	92.456
1.8553e-006	-0.013013	1.8451e-006	-0.012159	0.057626	0.05759	92.063	92.321
1.8553e-006	-0.013407	1.8451e-006	-0.011809	0.057687	0.057634	92.224	92.598
1.8553e-006	-0.014743	1.8451e-006	-0.011388	0.057809	0.057696	92.34	92.711
1.8554e-006	-0.014895	1.8451e-006	-0.012313	0.057745	0.057706	92.415	92.337
1.8555e-006	-0.014878	1.845e-006	-0.012068	0.057425	0.05754	92.412	92.11
1.8555e-006	-0.015403	1.845e-006	-0.011586	0.057245	0.057591	92.408	92.219
1.8555e-006	-0.014666	1.845e-006	-0.011987	0.057355	0.057777	92.252	92.526
1.8555e-006	-0.01379	1.845e-006	-0.012852	0.057713	0.057473	92.326	92.335
1.8555e-006	-0.014223	1.845e-006	-0.013199	0.057822	0.057344	92.293	92.28
1.8555e-006	-0.013987	1.845e-006	-0.013036	0.057752	0.057555	92.424	92.307
1.8555e-006	-0.014558	1.845e-006	-0.013374	0.057706	0.057589	92.354	92.229
1.8556e-006	-0.015431	1.845e-006	-0.013219	0.05787	0.057743	92.513	92.122
1.8556e-006	-0.015789	1.8449e-006	-0.013194	0.058085	0.057452	92.791	92.311
1.8556e-006	-0.014232	1.8449e-006	-0.013006	0.058078	0.057775	92.536	92.18
1.8556e-006	-0.013058	1.8449e-006	-0.013117	0.058066	0.057775	92.317	91.966
1.8556e-006	-0.012949	1.8448e-006	-0.0124	0.058096	0.057836	92.447	92.16
1.8556e-006	-0.011989	1.8448e-006	-0.012274	0.057826	0.057901	92.471	92.034
1.8557e-006	-0.012838	1.8448e-006	-0.012439	0.057517	0.057647	92.464	92.144
1.8557e-006	-0.013243	1.8448e-006	-0.011927	0.05777	0.057723	92.704	92.436
1.8557e-006	-0.014259	1.8448e-006	-0.011193	0.057697	0.057865	92.362	92.246
1.8557e-006	-0.014339	1.8447e-006	-0.010988	0.057871	0.057976	92.619	92.21
1.8557e-006	-0.014066	1.8447e-006	-0.010948	0.057797	0.057908	92.475	92.247
1.8558e-006	-0.013866	1.8447e-006	-0.011652	0.057721	0.05771	92.446	92.339
1.8558e-006	-0.013816	1.8447e-006	-0.01107	0.057487	0.057666	92.469	92.199
1.8558e-006	-0.013349	1.8447e-006	-0.011177	0.057513	0.057863	92.623	92.221
1.8558e-006	-0.013176	1.8447e-006	-0.011535	0.057538	0.057861	92.769	92.389
1.8558e-006	-0.014116	1.8447e-006	-0.011349	0.057603	0.057628	92.445	92.454
1.8558e-006	-0.014535	1.8447e-006	-0.011994	0.057689	0.057535	92.386	92.444
1.8558e-006	-0.014093	1.8447e-006	-0.011624	0.057639	0.05774	92.373	92.392
1.8558e-006	-0.013518	1.8446e-006	-0.012103	0.057515	0.057484	92.302	92.405
1.8559e-006	-0.013412	1.8445e-006	-0.013168	0.057497	0.057339	92.584	92.305
1.8559e-006	-0.014423	1.8446e-006	-0.013905	0.057685	0.057594	92.634	92.508
1.8559e-006	-0.014018	1.8446e-006	-0.01426	0.057659	0.057868	92.457	92.481
1.8559e-006	-0.015243	1.8446e-006	-0.01363	0.057838	0.057644	92.667	92.555
1.856e-006	-0.015445	1.8445e-006	-0.013465	0.058078	0.057614	92.535	92.395
1.856e-006	-0.015432	1.8445e-006	-0.013167	0.057875	0.057369	92.503	92.062
1.856e-006	-0.014278	1.8444e-006	-0.013118	0.057631	0.057594	92.558	91.859
1.8561e-006	-0.013564	1.8444e-006	-0.013037	0.05759	0.057838	92.49	91.823
1.8561e-006	-0.012752	1.8444e-006	-0.013374	0.057543	0.057792	92.438	91.747
1.8561e-006	-0.013135	1.8444e-006	-0.01391	0.057571	0.057719	92.358	91.886
1.8561e-006	-0.012819	1.8444e-006	-0.014164	0.057391	0.057657	92.1	92.186
1.8561e-006	-0.012918	1.8444e-006	-0.012664	0.057372	0.057689	92.207	92.639
1.8561e-006	-0.012949	1.8444e-006	-0.013326	0.057702	0.057603	92.314	92.721
1.8562e-006	-0.012995	1.8444e-006	-0.013497	0.058037	0.057654	92.272	92.543
1.8563e-006	-0.012261	1.8444e-006	-0.013255	0.057833	0.0577	92.291	92.327
1.8563e-006	-0.013082	1.8443e-006	-0.01364	0.057619	0.057608	92.534	92.201
1.8562e-006	-0.014278	1.8443e-006	-0.014678	0.057598	0.057493	92.495	92.22
1.8562e-006	-0.013536	1.8443e-006	-0.014776	0.057664	0.057453	92.521	92.157
1.8563e-006	-0.014328	1.8443e-006	-0.014516	0.057731	0.057187	92.183	92.014
1.8563e-006	-0.014372	1.8443e-006	-0.014864	0.057496	0.057344	92.197	91.975
1.8563e-006	-0.014342	1.8442e-006	-0.014466	0.057608	0.057572	92.263	91.855
1.8563e-006	-0.01439	1.8442e-006	-0.014541	0.057585	0.05771	92.464	91.838
1.8563e-006	-0.014021	1.8442e-006	-0.014311	0.05764	0.057632	92.529	91.967
1.8564e-006	-0.01464	1.8441e-006	-0.013163	0.057702	0.05756	92.766	92.238
1.8564e-006	-0.014893	1.8441e-006	-0.012791	0.057627	0.057571	92.755	91.987
1.8564e-006	-0.014904	1.8441e-006	-0.012294	0.057756	0.05748	92.429	92.057
1.8564e-006	-0.01472	1.8441e-006	-0.011622	0.05765	0.057417	92.015	92.227
1.8564e-006	-0.014929	1.8441e-006	-0.01103	0.057592	0.057538	91.984	92.325
1.8564e-006	-0.015079	1.844e-006	-0.011309	0.057776	0.057595	92.146	92.449
1.8565e-006	-0.014736	1.844e-006	-0.012391	0.05807	0.057633	92.2	92.368
1.8565e-006	-0.01367	1.844e-006	-0.012993	0.057961	0.057498	92.199	92.054
1.8565e-006	-0.013285	1.8439e-006	-0.012426	0.057787	0.057534	92.349	92.045
1.8565e-006	-0.013332	1.8439e-006	-0.012145	0.057755	0.057911	92.649	92.198
1.8565e-006	-0.013692	1.844e-006	-0.012026	0.057788	0.057887	92.525	92.004
1.8565e-006	-0.012952	1.844e-006	-0.012042	0.05776	0.05802	92.452	91.853
1.8566e-006	-0.013148	1.844e-006	-0.011737	0.057508	0.057588	92.421	91.775
1.8566e-006	-0.013645	1.8439e-006	-0.012218	0.057423	0.057541	92.602	92.081
1.8566e-006	-0.013871	1.8439e-006	-0.012122	0.057333	0.057602	92.299	92.219
1.8566e-006	-0.01423	1.8439e-006	-0.011853	0.057248	0.057473	92.156	92.32
1.8566e-006	-0.014384	1.8438e-006	-0.010967	0.057259	0.057622	92.468	92.195
1.8566e-006	-0.013843	1.8438e-006	-0.011276	0.057361	0.057936	92.711	92.16
1.8566e-006	-0.013001	1.8437e-006	-0.011476	0.05752	0.057875	92.563	92.187
1.8566e-006	-0.013015	1.8438e-006	-0.012208	0.057766	0.057784	92.458	92.189
1.8567e-006	-0.0126	1.8438e-006	-0.012697	0.057699	0.057464	92.697	91.863
1.8568e-006	-0.012939	1.8438e-006	-0.012172	0.05762	0.057601	92.691	91.969
1.8568e-006	-0.013129	1.8438e-006	-0.01172	0.057423	0.057479	92.399	92.182
1.8568e-006	-0.013789	1.8437e-006	-0.01134	0.057404	0.057622	92.411	92.038
1.8568e-006	-0.014008	1.8436e-006	-0.011642	0.05738	0.057658	92.275	92.033
1.8569e-006	-0.014127	1.8436e-006	-0.01269	0.057495	0.057681	92.202	92.148
1.8569e-006	-0.01411	1.8436e-006	-0.013224	0.057682	0.057781	92.359	92.028
1.8569e-006	-0.013176	1.8436e-006	-0.013518	0.057651	0.057845	92.665	91.997
1.8569e-006	-0.01392	1.8436e-006	-0.014176	0.057625	0.057814	92.685	92.091
1.8569e-006	-0.014633	1.8436e-006	-0.01411	0.057627	0.057559	92.769	92.27
1.8569e-006	-0.014837	1.8436e-006	-0.013504	0.057732	0.057667	92.765	92.284
1.857e-006	-0.014996	1.8436e-006	-0.012945	0.057845	0.057825	92.776	92.006
1.857e-006	-0.015217	1.8436e-006	-0.01209	0.057788	0.058058	92.634	92.022
1.857e-006	-0.01509	1.8435e-006	-0.012248	0.057818	0.058125	92.582	92.019
1.8571e-006	-0.01473	1.8435e-006	-0.012702	0.057801	0.05802	92.247	92
1.8571e-006	-0.014349	1.8434e-006	-0.013154	0.05752	0.057939	92.637	91.811
1.8571e-006	-0.014584	1.8434e-006	-0.013487	0.057516	0.057991	92.892	91.975
1.8571e-006	-0.01397	1.8434e-006	-0.013733	0.057616	0.058118	92.908	91.916
1.8571e-006	-0.012993	1.8434e-006	-0.013304	0.057527	0.057932	92.721	91.995
1.8571e-006	-0.013648	1.8434e-006	-0.012394	0.057473	0.057639	92.383	92.002
1.8571e-006	-0.013565	1.8434e-006	-0.012026	0.057648	0.057617	92.31	92.023
1.8572e-006	-0.013882	1.8433e-006	-0.011358	0.05762	0.057554	92.675	91.849
1.8572e-006	-0.014162	1.8433e-006	-0.011107	0.057683	0.057365	92.506	92.01
1.8572e-006	-0.013744	1.8433e-006	-0.011451	0.057803	0.057291	92.434	92.016
1.8572e-006	-0.013543	1.8433e-006	-0.011674	0.05775	0.057861	92.499	92.229
1.8572e-006	-0.014275	1.8432e-006	-0.01181	0.057536	0.057701	92.626	92.12
1.8572e-006	-0.014696	1.8432e-006	-0.011053	0.057513	0.057675	92.808	91.939
1.8572e-006	-0.014572	1.8432e-006	-0.011101	0.057375	0.057651	93.049	91.875
1.8573e-006	-0.014364	1.8432e-006	-0.010694	0.057718	0.057637	92.825	91.839
1.8573e-006	-0.014372	1.8432e-006	-0.010566	0.057827	0.057584	92.691	91.668
1.8573e-006	-0.013478	1.8432e-006	-0.011945	0.057898	0.057604	92.833	91.844
1.8574e-006	-0.012769	1.8432e-006	-0.012413	0.05795	0.057505	92.967	92.178
1.8574e-006	-0.01344	1.8432e-006	-0.012237	0.057912	0.057483	92.923	92.288
1.8573e-006	-0.014288	1.8432e-006	-0.01173	0.057737	0.057675	92.894	92.317
1.8573e-006	-0.013875	1.8432e-006	-0.011355	0.057463	0.057815	93.049	92.258
1.8573e-006	-0.012835	1.8431e-006	-0.011672	0.057559	0.057844	92.904	92.218
1.8574e-006	-0.013055	1.8431e-006	-0.011389	0.057752	0.057854	92.924	92.182
1.8574e-006	-0.013208	1.8431e-006	-0.011123	0.057712	0.057689	93.231	92.315
1.8574e-006	-0.013421	1.843e-006	-0.010932	0.057832	0.057725	93.203	92.257
1.8575e-006	-0.013792	1.843e-006	-0.010608	0.057726	0.057625	93.255	92.388
1.8575e-006	-0.013593	1.843e-006	-0.011478	0.057642	0.057499	93.131	92.153
1.8575e-006	-0.013132	1.843e-006	-0.011412	0.057528	0.057637	92.885	92.193
1.8575e-006	-0.01333	1.843e-006	-0.011932	0.057983	0.057625	93.018	92.562
1.8575e-006	-0.013696	1.843e-006	-0.011787	0.057937	0.057437	92.923	92.875
1.8576e-006	-0.013448	1.8429e-006	-0.011271	0.058005	0.057268	92.751	92.745
1.8576e-006	-0.013481	1.8429e-006	-0.011141	0.058082	0.057391	92.664	92.78
1.8576e-006	-0.013832	1.8429e-006	-0.010583	0.057734	0.057564	92.904	92.555
1.8577e-006	-0.013584	1.8429e-006	-0.011057	0.057772	0.057979	93.005	92.34
1.8576e-006	-0.012073	1.8429e-006	-0.011466	0.057737	0.057827	93.019	92.211
1.8576e-006	-0.012591	1.8429e-006	-0.010513	0.057681	0.057921	92.739	92.217
1.8576e-006	-0.013715	1.8428e-006	-0.01092	0.057595	0.057763	92.68	92.304
1.8577e-006	-0.013491	1.8428e-006	-0.011143	0.057614	0.057634	92.617	92.476
1.8577e-006	-0.012736	1.8428e-006	-0.010952	0.057652	0.05752	93.092	92.363
1.8578e-006	-0.011939	1.8428e-006	-0.0097191	0.057747	0.057772	93.399	92.438
1.8578e-006	-0.012386	1.8428e-006	-0.0095677	0.057684	0.057679	93.282	92.309
1.8578e-006	-0.012944	1.8427e-006	-0.010877	0.057654	0.057678	93.123	92.326
1.8578e-006	-0.013783	1.8427e-006	-0.011629	0.057637	0.057663	93.18	92.312
1.8578e-006	-0.013558	1.8427e-006	-0.011604	0.058024	0.057782	93.056	92.499
1.8578e-006	-0.013219	1.8427e-006	-0.011119	0.057641	0.057722	92.92	92.572
1.8579e-006	-0.013603	1.8427e-006	-0.011351	0.05741	0.057788	93.055	92.665
1.8579e-006	-0.01357	1.8426e-006	-0.011597	0.057573	0.05783	93.045	92.379
1.8579e-006	-0.013162	1.8426e-006	-0.011291	0.057672	0.057996	93.186	92.329
1.8579e-006	-0.012904	1.8426e-006	-0.010513	0.058016	0.057907	93.418	91.911
1.8579e-006	-0.012644	1.8426e-006	-0.010946	0.057785	0.057848	93.447	91.842
1.858e-006	-0.012021	1.8426e-006	-0.010654	0.057712	0.057545	93.303	92.183
1.858e-006	-0.012028	1.8425e-006	-0.011337	0.057672	0.057719	93.015	92.138
1.858e-006	-0.011632	1.8425e-006	-0.011657	0.057782	0.057863	92.844	92.03
1.858e-006	-0.01141	1.8425e-006	-0.012136	0.057805	0.057821	93.185	92.222
1.858e-006	-0.011243	1.8425e-006	-0.011773	0.057817	0.058085	93.557	92.406
1.8581e-006	-0.011504	1.8425e-006	-0.011425	0.057923	0.057943	93.553	92.255
1.8581e-006	-0.011365	1.8425e-006	-0.011212	0.057969	0.057614	93.477	92.152
1.8581e-006	-0.011071	1.8425e-006	-0.011535	0.057519	0.057392	93.393	92.229
1.8581e-006	-0.01127	1.8424e-006	-0.011916	0.057402	0.057685	93.126	92.227
1.8581e-006	-0.012133	1.8424e-006	-0.012364	0.057663	0.057774	93.186	92.36
1.8582e-006	-0.013226	1.8424e-006	-0.01256	0.057688	0.057958	93.464	92.343
1.8582e-006	-0.013355	1.8424e-006	-0.012248	0.057743	0.057952	93.503	92.249
1.8582e-006	-0.01344	1.8424e-006	-0.012212	0.058168	0.057968	93.441	92.413
1.8582e-006	-0.013939	1.8424e-006	-0.011605	0.058247	0.058079	93.376	92.339
1.8582e-006	-0.013864	1.8423e-006	-0.011923	0.058103	0.0578	93.597	92.334
1.8582e-006	-0.013878	1.8423e-006	-0.012492	0.058023	0.057756	93.729	92.329
1.8583e-006	-0.013192	1.8423e-006	-0.012249	0.057815	0.057685	93.308	92.101
1.8583e-006	-0.013317	1.8423e-006	-0.012016	0.057498	0.057743	93.098	91.951
1.8583e-006	-0.012618	1.8423e-006	-0.012685	0.057497	0.057707	93.301	91.873
1.8583e-006	-0.011712	1.8422e-006	-0.012733	0.05764	0.057571	93.563	92.308
1.8583e-006	-0.012453	1.8422e-006	-0.011696	0.057522	0.057789	93.697	92.593
1.8584e-006	-0.012525	1.8422e-006	-0.011213	0.057833	0.057887	93.668	92.45
1.8584e-006	-0.012059	1.8421e-006	-0.012159	0.058074	0.05761	94.089	92.129
1.8584e-006	-0.012687	1.8421e-006	-0.012355	0.058064	0.05767	94.383	91.72
1.8584e-006	-0.013496	1.8421e-006	-0.012839	0.057679	0.057553	94.082	91.983
1.8584e-006	-0.013298	1.8421e-006	-0.013765	0.057603	0.057667	94.172	92.235
1.8585e-006	-0.013397	1.8421e-006	-0.012802	0.057854	0.057642	94.215	92.18
1.8585e-006	-0.013402	1.8421e-006	-0.013253	0.057886	0.057453	94.109	92.472
1.8585e-006	-0.012344	1.842e-006	-0.013725	0.057708	0.05747	93.986	92.222
1.8585e-006	-0.013399	1.842e-006	-0.013531	0.057566	0.057516	94.077	92.145
1.8585e-006	-0.012866	1.842e-006	-0.012702	0.057528	0.057274	94.101	92.164
1.8586e-006	-0.012937	1.842e-006	-0.01246	0.057824	0.057306	94.412	92.214
1.8586e-006	-0.013306	1.842e-006	-0.012776	0.057827	0.057215	94.51	92.019
1.8586e-006	-0.01262	1.842e-006	-0.013073	0.057616	0.057159	94.931	92.227
1.8586e-006	-0.012097	1.8419e-006	-0.012821	0.057784	0.057228	95.142	92.079
1.8586e-006	-0.012236	1.8419e-006	-0.013268	0.057565	0.057275	95.434	92.175
1.8586e-006	-0.012994	1.8419e-006	-0.01309	0.05721	0.057159	95.782	92.322
1.8587e-006	-0.012189	0	0	0.056906	0	96.229	0
1.8587e-006	-0.012644	0	0	0.056282	0	97.342	0
1.8587e-006	-0.014051	0	0	0.056238	0	97.107	0
1.8587e-006	-0.014141	0	0	0.05615	0	96.994	0
1.8588e-006	-0.013788	0	0	0.055217	0	98.624	0
1.8588e-006	-0.014118	0	0	0.054604	0	100	0
1.8588e-006	-0.013468	0	0	0.053611	0	101.72	0
1.8588e-006	-0.013514	0	0	0.053803	0	100.73	0
1.8588e-006	-0.013853	0	0	0.054393	0	100.11	0
1.8588e-006	-0.013151	0	0	0.052478	0	103.42	0
1.8589e-006	-0.013834	0	0	0.051132	0	105.23	0
1.8589e-006	-0.014515	0	0	0.051403	0	104.38	0
1.8589e-006	-0.013932	0	0	0.051972	0	103.01	0
1.8589e-006	-0.01309	0	0	0.051899	0	102.82	0
1.8589e-006	-0.012382	0	0	0.051386	0	103.76	0
1.859e-006	-0.01212	0	0	0.048941	0	106.67	0
1.859e-006	-0.012709	0	0	0.049601	0	105.1	0
1.859e-006	-0.013548	0	0	0.048405	0	106.93	0
1.859e-006	-0.013313	0	0	0.047574	0	107.54	0
1.859e-006	-0.013328	0	0	0.047703	0	107.94	0
1.859e-006	-0.01374	0	0	0.046539	0	109.96	0
1.859e-006	-0.014229	0	0	0.04629	0	110.35	0
1.859e-006	-0.01395	0	0	0.0457	0	110.22	0
1.8591e-006	-0.013921	0	0	0.046794	0	108.27	0
1.8591e-006	-0.013489	0	0	0.046771	0	108.93	0
1.8592e-006	-0.013542	0	0	0.045139	0	110.66	0
1.8592e-006	-0.013505	0	0	0.044941	0	110.05	0
1.8592e-006	-0.013597	0	0	0.044901	0	111.09	0
1.8592e-006	-0.013748	0	0	0.042009	0	114.91	0
1.8592e-006	-0.013863	0	0	0.042081	0	112.59	0
1.8592e-006	-0.013815	0	0	0.041817	0	113.35	0
1.8593e-006	-0.014095	0	0	0.040555	0	114.99	0
1.8593e-006	-0.013778	0	0	0.03793	0	115.48	0
1.8593e-006	-0.013806	0	0	0.039328	0	113.49	0
1.8593e-006	-0.014049	0	0	0.038278	0	114.46	0
1.8593e-006	-0.013715	0	0	0.03699	0	115.05	0
1.8594e-006	-0.013616	0	0	0.037807	0	114.25	0
1.8594e-006	-0.013329	0	0	0.035815	0	120.3	0
1.8594e-006	-0.013225	0	0	0.034131	0	130.51	0
1.8594e-006	-0.013539	0	0	0.034087	0	127.16	0
1.8594e-006	-0.013633	0	0	0.034692	0	124.91	0
1.8594e-006	-0.013975	0	0	0.034638	0	122.51	0
1.8594e-006	-0.013257	0	0	0.03462	0	122.6	0
1.8595e-006	-0.01326	0	0	0.034107	0	122.48	0
1.8595e-006	-0.013529	0	0	0.033678	0	120.11	0
1.8595e-006	-0.014732	0	0	0.033652	0	115.67	0
1.8595e-006	-0.01551	0	0	0.033535	0	114.72	0
1.8596e-006	-0.015183	0	0	0.033772	0	113.13	0
1.8596e-006	-0.015144	0	0	0.033735	0	111.49	0
1.8597e-006	-0.014244	0	0	0.033903	0	110.29	0
1.8598e-006	-0.014883	0	0	0.034124	0	110.13	0
1.8597e-006	-0.015857	0	0	0.033871	0	110.59	0
1.8597e-006	-0.016195	0	0	0.033348	0	107.02	0
1.8597e-006	-0.015811	0	0	0.032989	0	105.88	0
1.8597e-006	-0.015519	0	0	0.032415	0	105.41	0
1.8597e-006	-0.015184	0	0	0.032548	0	105.61	0
1.8597e-006	-0.015591	0	0	0.032591	0	105.19	0
1.8598e-006	-0.015454	0	0	0.032618	0	103.48	0
1.8598e-006	-0.015934	0	0	0.032183	0	101.9	0
1.8599e-006	-0.016345	0	0	0.031955	0	100.72	0
1.8599e-006	-0.016549	0	0	0.031703	0	99.251	0
1.8598e-006	-0.015739	0	0	0.031364	0	98.197	0
1.8599e-006	-0.015087	0	0	0.030776	0	98.152	0
1.8599e-006	-0.015192	0	0	0.030885	0	98.799	0
1.8599e-006	-0.015511	0	0	0.029942	0	96.709	0
1.8599e-006	-0.015231	0	0	0.029491	0	96.139	0
1.86e-006	-0.013791	0	0	0.030317	0	96.356	0
1.86e-006	-0.01326	0	0	0.030216	0	96.748	0
1.86e-006	-0.013918	0	0	0.029077	0	97.069	0
1.86e-006	-0.014163	0	0	0.028664	0	96.566	0
1.8601e-006	-0.013605	0	0	0.028062	0	95.846	0
1.8601e-006	-0.014458	0	0	0.027279	0	95.148	0
1.8601e-006	-0.015488	0	0	0.0269	0	93.92	0
1.8601e-006	-0.014912	0	0	0.026422	0	92.937	0
1.8601e-006	-0.015105	0	0	0.025662	0	90.908	0
1.8602e-006	-0.015986	0	0	0.024955	0	89.407	0
1.8602e-006	-0.015943	0	0	0.025233	0	89.989	0
1.8602e-006	-0.016404	0	0	0.024775	0	89.05	0
1.8602e-006	-0.01662	0	0	0.024705	0	87.899	0
1.8602e-006	-0.016367	0	0	0.024402	0	87.654	0
1.8603e-006	-0.016074	0	0	0.024463	0	88.953	0
1.8603e-006	-0.015829	0	0	0.024558	0	88.504	0
1.8604e-006	-0.015369	0	0	0.024163	0	86.565	0
1.8604e-006	-0.015366	0	0	0.023489	0	84.51	0
1.8604e-006	-0.015892	0	0	0.022829	0	82.062	0
1.8604e-006	-0.01515	0	0	0.021907	0	81.18	0
1.8604e-006	-0.015489	0	0	0.020572	0	79.482	0
1.8604e-006	-0.015075	0	0	0.019919	0	78.23	0
