1.8458e-006	-0.014721	1.8632e-006	-0.012959	0.057648	0.005554	91.681	53.126
1.8458e-006	-0.014797	1.8632e-006	-0.013645	0.05741	0.0050604	91.87	53.765
1.8458e-006	-0.014038	1.8632e-006	-0.013752	0.057342	0.0058973	92.002	56.799
1.8459e-006	-0.013406	1.8632e-006	-0.013924	0.057675	0.0061452	92.056	59.756
1.8459e-006	-0.013784	1.8632e-006	-0.013484	0.05772	0.0068915	92.202	63.109
1.8459e-006	-0.013541	1.8632e-006	-0.013045	0.057678	0.0080621	92.48	64.771
1.8459e-006	-0.01347	1.8632e-006	-0.013481	0.057864	0.008812	92.312	66.453
1.8459e-006	-0.01335	1.8631e-006	-0.014055	0.057914	0.007776	92.125	61.72
1.8459e-006	-0.013332	1.8631e-006	-0.013527	0.057902	0.0083828	91.987	64.782
1.846e-006	-0.013217	1.8631e-006	-0.013796	0.057886	0.0089812	91.913	65.466
1.846e-006	-0.013462	1.8631e-006	-0.013857	0.057699	0.0095844	91.872	66.681
1.846e-006	-0.012256	1.8631e-006	-0.014362	0.057558	0.0093627	92.079	66.793
1.846e-006	-0.012868	1.8631e-006	-0.01442	0.05756	0.0093245	92.127	66.161
1.846e-006	-0.013604	1.8631e-006	-0.014354	0.057819	0.0092244	92.091	67.4
1.846e-006	-0.013674	1.863e-006	-0.014297	0.05765	0.010302	91.942	69.384
1.846e-006	-0.013436	1.863e-006	-0.013913	0.057696	0.01074	92.198	68.519
1.846e-006	-0.013533	1.8629e-006	-0.014318	0.057855	0.011334	92.043	69.197
1.8461e-006	-0.013133	1.8629e-006	-0.014586	0.057768	0.010194	92.213	66.542
1.8461e-006	-0.012397	1.863e-006	-0.014178	0.057706	0.010849	92.279	68.723
1.8462e-006	-0.013052	1.863e-006	-0.014337	0.057563	0.011556	92.269	69.348
1.8462e-006	-0.01436	1.8629e-006	-0.013597	0.057589	0.0108	92.2	68.104
1.8462e-006	-0.013803	1.8628e-006	-0.013943	0.057657	0.01151	92.156	68.855
1.8462e-006	-0.013492	1.8628e-006	-0.014021	0.057783	0.01146	92.089	69.399
1.8462e-006	-0.012524	1.8628e-006	-0.013654	0.057977	0.011926	91.92	67.829
1.8463e-006	-0.012983	1.8629e-006	-0.013495	0.057911	0.011461	92.159	67.867
1.8463e-006	-0.013179	1.8629e-006	-0.01354	0.058101	0.011344	92.227	69.033
1.8463e-006	-0.012437	1.8628e-006	-0.013363	0.057888	0.011896	92.045	69.073
1.8463e-006	-0.011951	1.8627e-006	-0.013518	0.057795	0.013034	92.303	71.359
1.8463e-006	-0.01241	1.8627e-006	-0.013643	0.057794	0.014273	92.296	72.11
1.8463e-006	-0.011984	1.8627e-006	-0.014194	0.057859	0.014751	92.291	72.713
1.8463e-006	-0.012783	1.8628e-006	-0.013868	0.057991	0.015299	92.056	73.516
1.8463e-006	-0.014031	1.8627e-006	-0.014478	0.058011	0.015074	91.875	72.772
1.8463e-006	-0.014125	1.8627e-006	-0.014349	0.057659	0.014604	91.691	70.836
1.8464e-006	-0.014713	1.8627e-006	-0.014476	0.057442	0.01488	91.666	71.662
1.8464e-006	-0.015036	1.8627e-006	-0.014157	0.057481	0.015346	92.083	72.213
1.8464e-006	-0.014546	1.8627e-006	-0.014493	0.057728	0.015813	92.084	76.347
1.8465e-006	-0.014502	1.8626e-006	-0.014039	0.057732	0.016544	92.237	76.999
1.8465e-006	-0.01471	1.8626e-006	-0.014049	0.057727	0.015698	91.976	75.445
1.8465e-006	-0.013517	1.8626e-006	-0.013601	0.057769	0.01537	91.838	75.469
1.8465e-006	-0.013908	1.8626e-006	-0.013639	0.057799	0.015494	92.062	76.805
1.8465e-006	-0.013882	1.8626e-006	-0.013882	0.057592	0.015973	91.954	77.808
1.8465e-006	-0.013763	1.8626e-006	-0.013943	0.057389	0.01601	92.039	76.942
1.8465e-006	-0.01332	1.8626e-006	-0.014347	0.057435	0.015552	91.841	75.405
1.8466e-006	-0.012811	1.8625e-006	-0.015165	0.057447	0.01514	91.778	75.787
1.8466e-006	-0.012769	1.8625e-006	-0.014901	0.057541	0.015668	92.096	78.24
1.8467e-006	-0.012478	1.8625e-006	-0.013821	0.057505	0.016196	92.043	78.577
1.8467e-006	-0.012165	1.8625e-006	-0.013996	0.057379	0.017017	92.291	78.225
1.8466e-006	-0.012502	1.8624e-006	-0.014112	0.057428	0.017621	92.219	78.745
1.8466e-006	-0.01455	1.8624e-006	-0.01412	0.057513	0.01689	92.03	78.537
1.8466e-006	-0.014819	1.8624e-006	-0.014448	0.057638	0.015849	91.883	76.575
1.8467e-006	-0.014996	1.8624e-006	-0.014117	0.057678	0.016868	91.829	79.755
1.8468e-006	-0.013973	1.8624e-006	-0.014026	0.057353	0.016977	92.091	78.902
1.8468e-006	-0.014324	1.8624e-006	-0.014167	0.057316	0.017763	92.391	80.955
1.8468e-006	-0.014434	1.8623e-006	-0.014248	0.057566	0.018173	92.415	81.361
1.8468e-006	-0.014378	1.8623e-006	-0.014367	0.057532	0.0192	92.345	82.993
1.8468e-006	-0.015365	1.8623e-006	-0.014036	0.057374	0.019923	92.243	82.593
1.8468e-006	-0.015016	1.8623e-006	-0.014443	0.057812	0.020671	92.215	84.98
1.8468e-006	-0.014007	1.8623e-006	-0.014018	0.057577	0.02072	92.131	86.877
1.8468e-006	-0.013633	1.8623e-006	-0.014017	0.057496	0.021361	92.367	86.482
1.8468e-006	-0.014213	1.8623e-006	-0.01357	0.057515	0.020927	92.411	84.581
1.8468e-006	-0.014255	1.8622e-006	-0.013804	0.057505	0.020655	92.212	83.234
1.8469e-006	-0.013977	1.8622e-006	-0.013403	0.057642	0.020855	92.214	82.668
1.8469e-006	-0.013601	1.8622e-006	-0.01354	0.057706	0.021154	92.049	82.38
1.847e-006	-0.013027	1.8622e-006	-0.014007	0.057557	0.020612	92.012	81.31
1.847e-006	-0.013676	1.8622e-006	-0.013818	0.057559	0.020125	91.978	80.907
1.847e-006	-0.013633	1.8622e-006	-0.013634	0.05765	0.020609	92.014	82.504
1.847e-006	-0.014169	1.8622e-006	-0.014675	0.057628	0.021929	92.41	84.062
1.847e-006	-0.014472	1.8621e-006	-0.014763	0.057691	0.022136	92.264	83.414
1.847e-006	-0.013734	1.8621e-006	-0.015056	0.05757	0.022448	92.141	84.439
1.847e-006	-0.014169	1.862e-006	-0.014677	0.05779	0.023217	92.146	86.242
1.847e-006	-0.01475	1.862e-006	-0.014788	0.057822	0.024408	92.225	88.711
1.8471e-006	-0.014336	1.8621e-006	-0.014658	0.05779	0.024623	92.335	88.219
1.8471e-006	-0.014367	1.862e-006	-0.014236	0.05784	0.023634	92.186	85.282
1.8471e-006	-0.015277	1.862e-006	-0.014311	0.057759	0.023234	92.136	83.003
1.8471e-006	-0.015627	1.862e-006	-0.01433	0.057708	0.024283	92.102	85.2
1.8472e-006	-0.015397	1.862e-006	-0.013688	0.05767	0.024018	92.225	84.681
1.8472e-006	-0.014882	1.862e-006	-0.013908	0.057658	0.024091	92.158	85.446
1.8472e-006	-0.014484	1.862e-006	-0.013717	0.057782	0.024134	92.008	87.406
1.8473e-006	-0.014694	1.8619e-006	-0.013619	0.057524	0.024645	92.076	86.687
1.8473e-006	-0.015417	1.8619e-006	-0.014143	0.057372	0.02494	92.362	85.819
1.8472e-006	-0.015001	1.8619e-006	-0.014781	0.057341	0.024732	92.178	86.523
1.8473e-006	-0.015093	1.8619e-006	-0.014955	0.057285	0.024998	92.233	87.09
1.8473e-006	-0.015161	1.8618e-006	-0.014278	0.057511	0.025723	92.296	86.887
1.8473e-006	-0.015644	1.8618e-006	-0.01434	0.057538	0.026176	92.101	86.481
1.8474e-006	-0.015802	1.8618e-006	-0.014011	0.057679	0.026159	92.218	87.113
1.8474e-006	-0.015177	1.8618e-006	-0.013963	0.057569	0.025905	92.518	87.59
1.8474e-006	-0.015393	1.8618e-006	-0.013752	0.057313	0.026078	92.525	88.557
1.8474e-006	-0.015752	1.8618e-006	-0.012931	0.057603	0.025593	92.32	86.222
1.8474e-006	-0.014982	1.8617e-006	-0.013175	0.057929	0.024562	92.311	86.544
1.8474e-006	-0.014755	1.8617e-006	-0.013835	0.057943	0.025171	91.945	88.77
1.8474e-006	-0.013887	1.8617e-006	-0.014	0.057707	0.024802	92.176	87.478
1.8475e-006	-0.013891	1.8617e-006	-0.014002	0.057888	0.024589	92.172	86.752
1.8475e-006	-0.014707	1.8616e-006	-0.013908	0.057812	0.024954	92.055	87.535
1.8475e-006	-0.013987	1.8616e-006	-0.013917	0.057856	0.026573	92.363	89.911
1.8475e-006	-0.014048	1.8615e-006	-0.013173	0.057966	0.027565	92.225	92.34
1.8475e-006	-0.014393	1.8615e-006	-0.013206	0.057912	0.028045	92.279	93.558
1.8476e-006	-0.014423	1.8615e-006	-0.012591	0.057679	0.02895	92.081	92.932
1.8476e-006	-0.015042	1.8615e-006	-0.013034	0.057567	0.028887	92.248	91.646
1.8475e-006	-0.014216	1.8615e-006	-0.013942	0.057354	0.028931	92.322	92.262
1.8476e-006	-0.014638	1.8615e-006	-0.014383	0.057745	0.029562	92.191	95.195
1.8476e-006	-0.015429	1.8615e-006	-0.014184	0.057875	0.029513	92.023	96.197
1.8477e-006	-0.015165	1.8615e-006	-0.013926	0.057976	0.029388	92.097	95.859
1.8477e-006	-0.015393	1.8614e-006	-0.013862	0.057979	0.02888	92.2	95.285
1.8477e-006	-0.015056	1.8614e-006	-0.014198	0.058143	0.029397	92.361	96.305
1.8477e-006	-0.014744	1.8614e-006	-0.014086	0.057617	0.030044	92.29	98.827
1.8477e-006	-0.014541	1.8613e-006	-0.014263	0.057427	0.029914	92.141	98.828
1.8477e-006	-0.014635	1.8613e-006	-0.013815	0.057546	0.029706	91.941	98.341
1.8478e-006	-0.014192	1.8613e-006	-0.014046	0.057697	0.030175	91.862	99.175
1.8478e-006	-0.014851	1.8613e-006	-0.014658	0.057609	0.03063	92.298	100.24
1.8478e-006	-0.015219	1.8613e-006	-0.014519	0.05749	0.030707	92.344	99.007
1.8478e-006	-0.014579	1.8613e-006	-0.015045	0.057585	0.030385	92.301	99.591
1.8478e-006	-0.014577	1.8612e-006	-0.014147	0.057613	0.030334	92.208	100.2
1.8479e-006	-0.014038	1.8612e-006	-0.014228	0.057583	0.031174	92.016	101.05
1.8479e-006	-0.014465	1.8612e-006	-0.014104	0.057561	0.031749	91.815	102.94
1.8479e-006	-0.014302	1.8612e-006	-0.014405	0.057503	0.031787	91.943	103.52
1.8479e-006	-0.013933	1.8612e-006	-0.014783	0.057882	0.032145	91.995	103.24
1.8479e-006	-0.013827	1.8612e-006	-0.015315	0.05775	0.032927	91.925	104.17
1.848e-006	-0.014374	1.8612e-006	-0.015842	0.057581	0.033228	92.273	105.38
1.848e-006	-0.013876	1.8611e-006	-0.015545	0.057464	0.033011	92.51	104.97
1.848e-006	-0.013472	1.8611e-006	-0.016038	0.05777	0.032785	92.576	106.15
1.848e-006	-0.013284	1.8611e-006	-0.01645	0.057923	0.032824	92.515	108.63
1.8481e-006	-0.013717	1.8611e-006	-0.015547	0.058005	0.03261	92.176	108.49
1.848e-006	-0.013512	1.861e-006	-0.015112	0.057854	0.032773	92.15	108.67
1.848e-006	-0.013623	1.861e-006	-0.014412	0.057577	0.033171	92.31	108.55
1.8481e-006	-0.01352	1.861e-006	-0.014837	0.057446	0.032915	92.433	107.46
1.8481e-006	-0.013292	1.861e-006	-0.015475	0.057391	0.033317	92.303	105.66
1.8481e-006	-0.013959	1.861e-006	-0.014793	0.057704	0.034108	92.071	104.96
1.8481e-006	-0.013696	1.8609e-006	-0.014801	0.057713	0.034707	91.892	107.54
1.8482e-006	-0.012845	1.8609e-006	-0.013857	0.05767	0.034809	91.891	109.36
1.8482e-006	-0.013167	1.8609e-006	-0.013464	0.057398	0.034485	91.914	109.74
1.8482e-006	-0.013896	1.8609e-006	-0.013132	0.057366	0.034647	91.891	110.81
1.8482e-006	-0.014371	1.8609e-006	-0.013658	0.057579	0.03463	91.942	112.53
1.8482e-006	-0.014739	1.8609e-006	-0.01394	0.057896	0.034428	91.594	110.36
1.8482e-006	-0.014677	1.8609e-006	-0.013792	0.057682	0.034085	91.814	110.14
1.8482e-006	-0.014399	1.8609e-006	-0.014455	0.0573	0.033787	92.287	108.8
1.8483e-006	-0.014261	1.8608e-006	-0.014028	0.057056	0.033774	92.136	107.53
1.8483e-006	-0.014087	1.8608e-006	-0.013185	0.05723	0.034602	92.386	108.15
1.8484e-006	-0.014218	1.8608e-006	-0.013485	0.057381	0.03523	92.33	108.92
1.8484e-006	-0.013518	1.8608e-006	-0.013862	0.057608	0.035427	92.103	111.51
1.8484e-006	-0.01284	1.8607e-006	-0.014607	0.058038	0.035031	92.238	113.52
1.8484e-006	-0.013726	1.8607e-006	-0.014491	0.058114	0.034363	92.281	112.58
1.8484e-006	-0.014064	1.8607e-006	-0.01367	0.057803	0.033498	91.965	110.7
1.8484e-006	-0.014155	1.8607e-006	-0.012529	0.057619	0.033045	91.849	109.07
1.8484e-006	-0.014319	1.8607e-006	-0.012484	0.057665	0.033596	92.016	107.24
1.8485e-006	-0.014377	1.8607e-006	-0.013405	0.057616	0.0348	92.304	111.29
1.8485e-006	-0.014028	1.8606e-006	-0.013883	0.057908	0.0357	92.532	116.33
1.8485e-006	-0.014722	1.8606e-006	-0.012773	0.057613	0.035434	92.714	117.71
1.8485e-006	-0.014415	1.8606e-006	-0.012783	0.057476	0.035228	92.662	117.94
1.8485e-006	-0.014501	1.8606e-006	-0.013119	0.057487	0.035363	92.433	118.93
1.8486e-006	-0.013604	1.8606e-006	-0.013465	0.057541	0.035498	92.362	117.56
1.8486e-006	-0.012753	1.8606e-006	-0.014569	0.057739	0.035188	92.448	118.85
1.8486e-006	-0.012922	1.8605e-006	-0.014818	0.057988	0.035011	92.485	117.11
1.8486e-006	-0.013824	1.8605e-006	-0.01421	0.058007	0.034722	92.371	116.4
1.8486e-006	-0.014204	1.8605e-006	-0.014496	0.058011	0.03536	92.166	117.89
1.8486e-006	-0.014391	1.8605e-006	-0.014468	0.058214	0.035896	92.176	118.49
1.8487e-006	-0.015316	1.8605e-006	-0.014256	0.058084	0.035951	92.109	119.12
1.8487e-006	-0.014927	1.8605e-006	-0.013394	0.057788	0.035821	91.986	121
1.8487e-006	-0.015258	1.8605e-006	-0.014125	0.057509	0.035789	92.05	121.97
1.8487e-006	-0.013921	1.8605e-006	-0.014684	0.057538	0.035512	92.157	120.28
1.8487e-006	-0.013588	1.8605e-006	-0.014941	0.057784	0.03514	92.078	119.68
1.8487e-006	-0.014237	1.8604e-006	-0.014548	0.057822	0.034918	92.156	119.78
1.8488e-006	-0.014464	1.8604e-006	-0.014561	0.05782	0.035428	92.279	120.22
1.8488e-006	-0.015042	1.8603e-006	-0.015234	0.057946	0.035391	92.011	121.33
1.8488e-006	-0.014862	1.8603e-006	-0.016012	0.057667	0.03568	91.985	120.75
1.8488e-006	-0.015361	1.8603e-006	-0.015504	0.05762	0.035788	92.036	122.84
1.8488e-006	-0.01528	1.8603e-006	-0.015734	0.057704	0.03543	92.131	127.38
1.8489e-006	-0.014896	1.8603e-006	-0.015861	0.057982	0.035279	92.068	128.49
1.8489e-006	-0.014461	1.8603e-006	-0.015453	0.057951	0.034859	92.045	129.41
1.8489e-006	-0.013576	1.8603e-006	-0.015111	0.057755	0.034579	91.88	130.64
1.8489e-006	-0.014107	1.8603e-006	-0.014211	0.057704	0.033889	91.714	131.37
1.8489e-006	-0.014372	1.8602e-006	-0.014191	0.057648	0.033537	91.791	129.6
1.8489e-006	-0.0142	1.8602e-006	-0.014199	0.057608	0.034102	91.96	128.62
1.849e-006	-0.014129	1.8602e-006	-0.013666	0.057675	0.034711	92.115	128.98
1.849e-006	-0.014023	1.8602e-006	-0.014213	0.0579	0.034785	92.276	129.96
1.849e-006	-0.014375	1.8602e-006	-0.01492	0.057821	0.034349	92.106	130.68
1.849e-006	-0.01465	1.8601e-006	-0.015515	0.057629	0.034193	92.238	129.78
1.849e-006	-0.014112	1.8602e-006	-0.01511	0.057625	0.035108	92.346	129.2
1.8491e-006	-0.014235	1.8601e-006	-0.014529	0.057845	0.035642	92.364	130.75
1.8491e-006	-0.014321	1.8601e-006	-0.014964	0.057646	0.035725	92.013	131.47
1.8491e-006	-0.014969	1.8601e-006	-0.015837	0.057563	0.035546	91.891	132.26
1.8491e-006	-0.014962	1.8601e-006	-0.015767	0.057583	0.035288	91.735	132.63
1.8491e-006	-0.01546	1.86e-006	-0.014825	0.057457	0.035065	91.973	134.49
1.8492e-006	-0.016026	1.86e-006	-0.014248	0.057433	0.03456	91.998	135.16
1.8492e-006	-0.015733	1.8599e-006	-0.01402	0.057781	0.033913	92.072	136.11
1.8492e-006	-0.015385	1.8599e-006	-0.014333	0.057854	0.033736	92.049	134.92
1.8492e-006	-0.015434	1.8599e-006	-0.013669	0.057951	0.033889	91.852	134.07
1.8492e-006	-0.01579	1.8599e-006	-0.013371	0.057737	0.034161	91.742	135.04
1.8492e-006	-0.01604	1.8599e-006	-0.013201	0.057534	0.034045	91.832	135.91
1.8493e-006	-0.015472	1.8599e-006	-0.013783	0.057466	0.033943	92.126	136.21
1.8493e-006	-0.014571	1.8599e-006	-0.012909	0.057608	0.033875	91.737	136.86
1.8493e-006	-0.014023	1.8599e-006	-0.013356	0.057598	0.033663	91.872	137.13
1.8493e-006	-0.014613	1.8598e-006	-0.014081	0.057517	0.033312	91.935	137.68
1.8493e-006	-0.015574	1.8598e-006	-0.013875	0.057546	0.03321	91.794	139.01
1.8493e-006	-0.015615	1.8598e-006	-0.013992	0.057528	0.033331	92.13	139.19
1.8493e-006	-0.015298	1.8599e-006	-0.014802	0.05775	0.033807	92.114	138.22
1.8493e-006	-0.015162	1.8598e-006	-0.014905	0.057591	0.033861	92.041	139.81
1.8494e-006	-0.014638	1.8598e-006	-0.015016	0.057463	0.033201	92.076	141.67
1.8494e-006	-0.014079	1.8597e-006	-0.015273	0.057563	0.032433	92.113	142.1
1.8494e-006	-0.013819	1.8597e-006	-0.014792	0.057617	0.032768	91.966	141.38
1.8494e-006	-0.014247	1.8597e-006	-0.014141	0.057288	0.033341	91.948	141.64
1.8494e-006	-0.014221	1.8597e-006	-0.014236	0.05733	0.03284	91.889	142.07
1.8495e-006	-0.014726	1.8597e-006	-0.014182	0.057371	0.032752	92.296	141.35
1.8495e-006	-0.014986	1.8596e-006	-0.014464	0.057677	0.032607	91.984	143.31
1.8496e-006	-0.015124	1.8596e-006	-0.014008	0.05744	0.032319	91.979	145.43
1.8496e-006	-0.014539	1.8596e-006	-0.014245	0.057657	0.032258	92.295	145.22
1.8496e-006	-0.014232	1.8596e-006	-0.013979	0.057821	0.032247	92.388	144.61
1.8496e-006	-0.013902	1.8595e-006	-0.013491	0.057855	0.032396	92.135	145.45
1.8496e-006	-0.013243	1.8595e-006	-0.01358	0.057573	0.032052	92.182	144.73
1.8497e-006	-0.014097	1.8595e-006	-0.014007	0.057571	0.031812	92.419	144.69
1.8497e-006	-0.014869	1.8595e-006	-0.014832	0.057429	0.031809	92.122	145.23
1.8497e-006	-0.015012	1.8595e-006	-0.01431	0.057664	0.031951	91.76	144.66
1.8498e-006	-0.015008	1.8595e-006	-0.014638	0.057631	0.030973	91.757	148.14
1.8498e-006	-0.015225	1.8594e-006	-0.014498	0.057745	0.029737	92.062	147.27
1.8498e-006	-0.015923	1.8595e-006	-0.013758	0.057613	0.0306	92.183	146.13
1.8498e-006	-0.016948	1.8594e-006	-0.013708	0.057551	0.031	92.459	146.35
1.8497e-006	-0.01631	1.8594e-006	-0.013872	0.057661	0.030723	92.383	143.6
1.8498e-006	-0.015898	1.8594e-006	-0.014252	0.057709	0.04003	92.437	116.92
1.8498e-006	-0.016182	1.8593e-006	-0.014354	0.057691	0.049682	92.363	101.98
1.8499e-006	-0.015118	1.8593e-006	-0.01453	0.057877	0.054655	92.297	96.263
1.8499e-006	-0.01528	1.8593e-006	-0.013518	0.057564	0.056635	92.095	94.379
1.8499e-006	-0.016211	1.8593e-006	-0.01312	0.057421	0.057681	91.871	93.618
1.8499e-006	-0.014795	1.8593e-006	-0.013263	0.05744	0.057614	91.806	93.313
1.8499e-006	-0.014276	1.8593e-006	-0.01301	0.057442	0.057366	91.785	92.989
1.8499e-006	-0.01404	1.8593e-006	-0.012627	0.057409	0.05749	91.606	92.967
1.8499e-006	-0.013629	1.8593e-006	-0.013417	0.057385	0.057361	91.906	92.844
1.85e-006	-0.01421	1.8592e-006	-0.013037	0.057428	0.057676	92.076	92.803
1.85e-006	-0.014068	1.8592e-006	-0.013808	0.05755	0.058134	92.289	92.97
1.85e-006	-0.013838	1.8591e-006	-0.013779	0.057352	0.058224	92.391	92.987
1.85e-006	-0.013295	1.8592e-006	-0.013217	0.05728	0.057862	92.236	92.87
1.85e-006	-0.013166	1.8591e-006	-0.012536	0.057602	0.057779	92.379	92.901
1.85e-006	-0.0142	1.8591e-006	-0.012199	0.057693	0.057671	92.486	92.743
1.85e-006	-0.013674	1.859e-006	-0.011774	0.057685	0.057901	92.173	92.617
1.8501e-006	-0.013533	1.859e-006	-0.011092	0.057793	0.057863	91.995	92.787
1.8501e-006	-0.014187	1.859e-006	-0.010623	0.057778	0.057898	92.07	92.775
1.8501e-006	-0.01407	1.859e-006	-0.011405	0.057708	0.05793	91.967	92.526
1.8501e-006	-0.013111	1.859e-006	-0.011975	0.05741	0.058192	92.359	92.477
1.8501e-006	-0.013286	1.859e-006	-0.011421	0.057442	0.058117	92.492	92.59
1.8501e-006	-0.013453	1.859e-006	-0.011345	0.057533	0.057772	92.556	92.658
1.8502e-006	-0.014503	1.859e-006	-0.011816	0.057595	0.057552	92.301	92.689
1.8502e-006	-0.014422	1.859e-006	-0.013201	0.057598	0.057607	92.549	92.807
1.8502e-006	-0.014659	1.859e-006	-0.012702	0.057552	0.057838	92.433	92.824
1.8502e-006	-0.014463	1.8589e-006	-0.012146	0.057383	0.057756	91.996	92.824
1.8502e-006	-0.014188	1.8589e-006	-0.011798	0.057675	0.057651	91.828	92.979
1.8503e-006	-0.014422	1.8588e-006	-0.012362	0.057899	0.057551	91.896	93.037
1.8503e-006	-0.015114	1.8588e-006	-0.01289	0.057548	0.05755	91.886	92.845
1.8503e-006	-0.015371	1.8588e-006	-0.012454	0.057437	0.057826	92.087	92.802
1.8503e-006	-0.01547	1.8589e-006	-0.01259	0.057629	0.057873	92.298	92.827
1.8503e-006	-0.01579	1.8589e-006	-0.011522	0.05754	0.057726	92.272	92.685
1.8504e-006	-0.015165	1.8588e-006	-0.011976	0.057653	0.057796	92.181	92.547
1.8504e-006	-0.01477	1.8588e-006	-0.012605	0.057843	0.057976	92.289	92.688
1.8505e-006	-0.013622	1.8587e-006	-0.012832	0.057735	0.057859	92.244	92.671
1.8505e-006	-0.013491	1.8587e-006	-0.01307	0.057763	0.057747	92.164	92.563
1.8505e-006	-0.013962	1.8587e-006	-0.012238	0.057783	0.057589	92.213	92.346
1.8505e-006	-0.01397	1.8587e-006	-0.012277	0.057713	0.057714	92.074	92.605
1.8505e-006	-0.014489	1.8587e-006	-0.012336	0.057709	0.057615	91.995	92.739
1.8505e-006	-0.014571	1.8587e-006	-0.012496	0.057619	0.05756	92.02	92.93
1.8505e-006	-0.015145	1.8587e-006	-0.012662	0.057535	0.057226	92.054	93.074
1.8506e-006	-0.015073	1.8587e-006	-0.013213	0.057597	0.057466	92.237	93.223
1.8506e-006	-0.015369	1.8587e-006	-0.012513	0.057679	0.057585	92.311	93.06
1.8506e-006	-0.01505	1.8586e-006	-0.012473	0.057589	0.057658	92.465	92.89
1.8506e-006	-0.015101	1.8586e-006	-0.012395	0.057557	0.057766	92.233	92.644
1.8506e-006	-0.014577	1.8585e-006	-0.012103	0.05779	0.05789	91.984	92.624
1.8507e-006	-0.014602	1.8585e-006	-0.011896	0.057796	0.057708	92.254	92.807
1.8507e-006	-0.013919	1.8585e-006	-0.012056	0.057701	0.057689	92.341	92.999
1.8507e-006	-0.013679	1.8585e-006	-0.01274	0.057548	0.057522	92.288	92.897
1.8507e-006	-0.014108	1.8585e-006	-0.014186	0.057621	0.057682	92.381	92.637
1.8508e-006	-0.014216	1.8585e-006	-0.014623	0.057613	0.057745	92.489	92.349
1.8508e-006	-0.013135	1.8584e-006	-0.013729	0.057739	0.057682	92.488	92.584
1.8508e-006	-0.013335	1.8584e-006	-0.013429	0.057814	0.057999	92.342	92.525
1.8508e-006	-0.013751	1.8584e-006	-0.013669	0.057783	0.05762	92.203	92.472
1.8508e-006	-0.013366	1.8584e-006	-0.013119	0.057621	0.057554	92.362	92.599
1.8508e-006	-0.014415	1.8584e-006	-0.012314	0.057498	0.057685	92.37	92.668
1.8508e-006	-0.014607	1.8584e-006	-0.012715	0.05738	0.057695	92.093	92.627
1.8509e-006	-0.013372	1.8584e-006	-0.012415	0.057362	0.057485	92.156	92.831
1.8509e-006	-0.012528	1.8584e-006	-0.01277	0.057826	0.057503	92.282	92.654
1.8509e-006	-0.012233	1.8583e-006	-0.013124	0.05798	0.057861	92.234	92.403
1.8509e-006	-0.012804	1.8583e-006	-0.013627	0.057912	0.057559	92.117	92.583
1.8509e-006	-0.012627	1.8584e-006	-0.013049	0.057824	0.057825	92.165	92.947
1.8509e-006	-0.012883	1.8584e-006	-0.014206	0.057991	0.058055	92.198	92.936
1.851e-006	-0.013362	1.8583e-006	-0.014144	0.057739	0.057958	91.977	92.558
1.851e-006	-0.013502	1.8582e-006	-0.013586	0.057656	0.05797	92.234	92.382
1.851e-006	-0.014399	1.8582e-006	-0.012695	0.057827	0.057757	92.448	92.267
1.851e-006	-0.014492	1.8582e-006	-0.012338	0.057921	0.05748	92.034	92.307
1.851e-006	-0.013407	1.8582e-006	-0.012436	0.057932	0.057362	92.007	92.257
1.8511e-006	-0.013398	1.8582e-006	-0.012765	0.058093	0.057592	92.159	92.204
1.8511e-006	-0.013843	1.8581e-006	-0.013228	0.057731	0.057666	92.052	92.335
1.8511e-006	-0.014325	1.8581e-006	-0.013801	0.057515	0.057439	91.996	92.512
1.8511e-006	-0.014147	1.8581e-006	-0.013483	0.05761	0.057454	91.935	92.311
1.8511e-006	-0.01382	1.8581e-006	-0.013756	0.057873	0.057623	92.159	92.235
1.8512e-006	-0.013629	1.8581e-006	-0.014843	0.05754	0.057362	92.156	92.388
1.8512e-006	-0.013671	1.858e-006	-0.014237	0.057675	0.057564	92.518	92.454
1.8512e-006	-0.01322	1.858e-006	-0.014383	0.057632	0.057957	92.446	92.798
1.8512e-006	-0.013089	1.858e-006	-0.014511	0.057546	0.057734	92.112	92.699
1.8513e-006	-0.013377	1.858e-006	-0.014017	0.057665	0.057768	91.935	92.481
1.8513e-006	-0.01317	1.858e-006	-0.013776	0.057571	0.057646	92.126	92.522
1.8513e-006	-0.013628	1.858e-006	-0.012666	0.057411	0.057707	92.451	92.823
1.8513e-006	-0.014095	1.858e-006	-0.011579	0.057701	0.057605	92.329	92.934
1.8513e-006	-0.013739	1.8579e-006	-0.011449	0.057784	0.057517	92.256	92.917
1.8514e-006	-0.01301	1.8579e-006	-0.012626	0.057683	0.057759	92.287	92.924
1.8514e-006	-0.013748	1.8578e-006	-0.012868	0.057858	0.057803	92.076	92.488
1.8514e-006	-0.013505	1.8578e-006	-0.013564	0.057738	0.05766	91.802	92.292
1.8514e-006	-0.013459	1.8578e-006	-0.013509	0.057787	0.057766	91.732	92.338
1.8514e-006	-0.014163	1.8578e-006	-0.012842	0.057658	0.057938	91.785	92.675
1.8515e-006	-0.014091	1.8578e-006	-0.013109	0.057731	0.058106	92.082	92.444
1.8515e-006	-0.01397	1.8578e-006	-0.013375	0.057424	0.057961	92.285	92.456
1.8515e-006	-0.013211	1.8578e-006	-0.014105	0.05739	0.057776	92.39	92.5
1.8515e-006	-0.013533	1.8578e-006	-0.014297	0.057638	0.057457	92.272	92.373
1.8515e-006	-0.013761	1.8578e-006	-0.013861	0.057566	0.057367	92.179	92.735
1.8515e-006	-0.013472	1.8577e-006	-0.014265	0.057347	0.057631	92.268	92.586
1.8516e-006	-0.014082	1.8577e-006	-0.014448	0.057526	0.057702	92.147	92.363
1.8516e-006	-0.014493	1.8577e-006	-0.01387	0.057644	0.05805	92.071	92.222
1.8516e-006	-0.014495	1.8577e-006	-0.013117	0.057665	0.058086	92.199	91.952
1.8516e-006	-0.013952	1.8576e-006	-0.013791	0.057451	0.058041	92.114	92.267
1.8516e-006	-0.014225	1.8577e-006	-0.014535	0.057548	0.057794	92.091	92.45
1.8516e-006	-0.014535	1.8576e-006	-0.014061	0.057613	0.057595	91.918	92.329
1.8516e-006	-0.013876	1.8576e-006	-0.012978	0.057811	0.05734	91.761	92.252
1.8516e-006	-0.014266	1.8576e-006	-0.01381	0.0579	0.057511	91.911	92.251
1.8516e-006	-0.014545	1.8576e-006	-0.013276	0.057759	0.057706	92.091	92.348
1.8517e-006	-0.014162	1.8576e-006	-0.011753	0.057541	0.057775	92.274	92.393
1.8518e-006	-0.014017	1.8575e-006	-0.010761	0.057715	0.057731	92.113	92.597
1.8518e-006	-0.013603	1.8575e-006	-0.010413	0.057714	0.057427	92.159	92.71
1.8519e-006	-0.013288	1.8575e-006	-0.010297	0.05777	0.05726	92.335	92.502
1.8519e-006	-0.013384	1.8574e-006	-0.010841	0.057908	0.057584	92.208	92.352
1.8518e-006	-0.013632	1.8574e-006	-0.010746	0.057684	0.057818	92.138	92.183
1.8518e-006	-0.014375	1.8574e-006	-0.010991	0.057722	0.057865	92.107	92.186
1.8518e-006	-0.015244	1.8574e-006	-0.010282	0.057758	0.057821	92.012	92.513
1.8518e-006	-0.014967	1.8574e-006	-0.010706	0.057702	0.057595	92.333	92.478
1.8518e-006	-0.014231	1.8574e-006	-0.011008	0.057757	0.057441	92.184	92.199
1.8519e-006	-0.014672	1.8574e-006	-0.010848	0.057633	0.057523	92.037	92.181
1.8519e-006	-0.014297	1.8574e-006	-0.010921	0.057467	0.057424	91.837	92.262
1.852e-006	-0.014633	1.8574e-006	-0.011331	0.057508	0.057565	91.656	92.144
1.852e-006	-0.014123	1.8573e-006	-0.011382	0.057718	0.057937	91.711	92.328
1.852e-006	-0.013616	1.8573e-006	-0.011466	0.057578	0.058109	91.74	92.211
1.852e-006	-0.01415	1.8573e-006	-0.010244	0.057661	0.05805	91.776	92.353
1.852e-006	-0.013772	1.8572e-006	-0.0092411	0.057883	0.057898	91.825	92.412
1.8521e-006	-0.013274	1.8572e-006	-0.010124	0.057769	0.057954	91.89	92.3
1.8521e-006	-0.013281	1.8573e-006	-0.010694	0.057929	0.057864	91.814	92.043
1.8522e-006	-0.013148	1.8573e-006	-0.011375	0.057775	0.057712	91.907	92.337
1.8522e-006	-0.01403	1.8573e-006	-0.011796	0.057639	0.057425	91.72	92.46
1.8522e-006	-0.013403	1.8572e-006	-0.012094	0.057501	0.057414	91.976	92.363
1.8522e-006	-0.012944	1.8571e-006	-0.011728	0.057485	0.057383	92.365	92.255
1.8522e-006	-0.013646	1.8571e-006	-0.012219	0.057644	0.057333	92.429	92.25
1.8522e-006	-0.014674	1.8571e-006	-0.013192	0.057693	0.057319	92.19	92.423
1.8522e-006	-0.015299	1.8571e-006	-0.013017	0.057638	0.057591	92.006	92.498
1.8522e-006	-0.015181	1.857e-006	-0.013053	0.05764	0.057873	92.297	92.502
1.8522e-006	-0.015492	1.857e-006	-0.013486	0.05777	0.057991	92.19	92.285
1.8523e-006	-0.01485	1.857e-006	-0.013076	0.05757	0.05784	92.013	92.321
1.8523e-006	-0.013841	1.8571e-006	-0.014039	0.057623	0.057571	91.976	92.444
1.8522e-006	-0.013981	1.8571e-006	-0.013619	0.057491	0.057401	92.342	92.638
1.8523e-006	-0.014015	1.857e-006	-0.013819	0.057732	0.057515	92.265	92.681
1.8523e-006	-0.013918	1.857e-006	-0.013505	0.057833	0.057504	92.22	92.681
1.8523e-006	-0.014478	1.8569e-006	-0.012835	0.057601	0.057465	91.745	92.327
1.8524e-006	-0.01484	1.857e-006	-0.013095	0.057805	0.057646	91.811	92.524
1.8524e-006	-0.014389	1.857e-006	-0.013266	0.057871	0.057809	91.947	92.472
1.8524e-006	-0.013558	1.857e-006	-0.01251	0.057663	0.057752	92.055	92.131
1.8524e-006	-0.013661	1.857e-006	-0.012709	0.057366	0.057691	92.035	92.057
1.8524e-006	-0.013908	1.8569e-006	-0.013027	0.057476	0.057632	92.118	92.447
1.8524e-006	-0.01423	1.8569e-006	-0.013876	0.057602	0.057851	92.259	92.581
1.8524e-006	-0.014466	1.8569e-006	-0.012746	0.057497	0.05782	92.073	92.384
1.8525e-006	-0.014193	1.8568e-006	-0.011377	0.05734	0.057725	92.073	92.098
1.8525e-006	-0.01354	1.8567e-006	-0.012339	0.057569	0.057795	92.036	91.885
1.8525e-006	-0.013676	1.8567e-006	-0.013769	0.057873	0.057678	91.924	91.835
1.8525e-006	-0.013872	1.8567e-006	-0.013777	0.057862	0.057772	92.015	92.066
1.8525e-006	-0.013608	1.8567e-006	-0.013692	0.058186	0.0577	92.009	92.027
1.8525e-006	-0.013318	1.8567e-006	-0.013598	0.058034	0.057509	92.017	92.233
1.8526e-006	-0.013385	1.8567e-006	-0.013068	0.057905	0.057299	91.661	92.089
1.8526e-006	-0.013528	1.8567e-006	-0.013667	0.057982	0.057473	91.928	92.079
1.8527e-006	-0.013855	1.8566e-006	-0.013674	0.057689	0.057707	92.177	92.389
1.8527e-006	-0.014126	1.8566e-006	-0.013051	0.057553	0.057573	92.131	92.479
1.8527e-006	-0.014477	1.8566e-006	-0.013291	0.057802	0.057723	92.053	92.322
1.8527e-006	-0.013878	1.8566e-006	-0.01279	0.057697	0.057656	91.656	92.223
1.8527e-006	-0.01302	1.8566e-006	-0.012559	0.057846	0.05775	91.868	92.049
1.8527e-006	-0.013491	1.8566e-006	-0.011594	0.057794	0.057818	92.175	91.937
1.8527e-006	-0.014054	1.8566e-006	-0.012597	0.057735	0.057532	92.124	92.073
1.8528e-006	-0.014298	1.8565e-006	-0.01206	0.057678	0.05749	91.809	92.089
1.8528e-006	-0.014348	1.8566e-006	-0.01172	0.057571	0.057898	91.695	92.347
1.8528e-006	-0.014496	1.8566e-006	-0.012538	0.057465	0.057895	91.72	91.935
1.8528e-006	-0.014521	1.8565e-006	-0.012579	0.057691	0.057716	91.67	92.144
1.8528e-006	-0.013993	1.8565e-006	-0.013306	0.057347	0.05784	91.834	92.11
1.8528e-006	-0.013481	1.8565e-006	-0.012295	0.057385	0.057555	92.042	92.16
1.8529e-006	-0.012426	1.8565e-006	-0.011913	0.057432	0.057797	92.15	92.037
1.8529e-006	-0.012401	1.8564e-006	-0.011449	0.057654	0.05798	91.93	92.311
1.8529e-006	-0.012697	1.8564e-006	-0.011503	0.057831	0.057631	91.873	92.492
1.8529e-006	-0.013754	1.8564e-006	-0.011739	0.057691	0.057654	91.854	92.452
1.8529e-006	-0.013468	1.8564e-006	-0.011263	0.057669	0.057862	91.729	92.595
1.853e-006	-0.012889	1.8563e-006	-0.011504	0.057349	0.057875	91.933	92.217
1.853e-006	-0.012629	1.8563e-006	-0.011978	0.057565	0.05751	91.804	92.125
1.853e-006	-0.012521	1.8563e-006	-0.012012	0.057609	0.057576	91.93	92.352
1.853e-006	-0.012525	1.8563e-006	-0.011176	0.057821	0.05774	91.903	92.416
1.853e-006	-0.012106	1.8563e-006	-0.011438	0.057609	0.057631	91.9	92.372
1.853e-006	-0.01196	1.8562e-006	-0.011848	0.057496	0.057576	91.745	92.461
1.8531e-006	-0.01202	1.8562e-006	-0.011793	0.057363	0.057373	92.136	92.31
1.8531e-006	-0.011725	1.8562e-006	-0.011685	0.057811	0.057367	92.397	91.757
1.8531e-006	-0.011678	1.8562e-006	-0.012478	0.058136	0.057449	91.989	92.003
1.8531e-006	-0.012018	1.8561e-006	-0.012231	0.058057	0.05753	91.762	92.066
1.8531e-006	-0.011128	1.8561e-006	-0.012015	0.058031	0.057467	91.766	92.172
1.8532e-006	-0.011631	1.8562e-006	-0.012323	0.057715	0.05752	91.85	92.235
1.8532e-006	-0.012561	1.8561e-006	-0.011611	0.057516	0.057896	91.92	92.284
1.8532e-006	-0.012006	1.8561e-006	-0.01074	0.057656	0.057914	92.005	92.374
1.8532e-006	-0.0122	1.8561e-006	-0.010619	0.057504	0.057632	91.971	92.256
1.8533e-006	-0.012288	1.856e-006	-0.010935	0.057712	0.057582	92.079	92.429
1.8533e-006	-0.012684	1.856e-006	-0.010428	0.058171	0.05779	92.011	92.392
1.8533e-006	-0.012847	1.856e-006	-0.01115	0.058023	0.058112	91.957	92.023
1.8533e-006	-0.013248	1.856e-006	-0.01171	0.057621	0.057998	92.031	91.838
1.8533e-006	-0.013449	1.856e-006	-0.011947	0.057522	0.057447	92.322	92.031
1.8534e-006	-0.013407	1.856e-006	-0.012732	0.057725	0.057563	91.958	92.283
1.8534e-006	-0.013301	1.856e-006	-0.012711	0.057757	0.057774	91.871	92.303
1.8534e-006	-0.01405	1.8559e-006	-0.01339	0.057592	0.05773	92.034	92.272
1.8534e-006	-0.013529	1.8559e-006	-0.013506	0.057815	0.057553	92.195	92.51
1.8535e-006	-0.012678	1.8559e-006	-0.013403	0.057975	0.05779	92.159	92.502
1.8535e-006	-0.013019	1.8559e-006	-0.014004	0.057703	0.057766	92.139	92.079
1.8535e-006	-0.01284	1.8559e-006	-0.014451	0.057632	0.057369	92.142	92.232
1.8535e-006	-0.012367	1.8558e-006	-0.014404	0.057728	0.057395	92.077	92.538
1.8535e-006	-0.012753	1.8558e-006	-0.014765	0.057675	0.057212	92.367	92.391
1.8535e-006	-0.011811	1.8558e-006	-0.013976	0.057846	0.057499	92.543	92.581
1.8536e-006	-0.011387	1.8558e-006	-0.01425	0.057834	0.057526	92.248	92.567
1.8536e-006	-0.011582	1.8558e-006	-0.014446	0.057949	0.057433	92.161	92.425
1.8536e-006	-0.012244	1.8558e-006	-0.013616	0.057884	0.05754	91.943	91.994
1.8536e-006	-0.013285	1.8558e-006	-0.013149	0.057689	0.057163	91.928	92.063
1.8536e-006	-0.013704	1.8558e-006	-0.014033	0.057834	0.057127	92.215	92.508
1.8536e-006	-0.012502	1.8557e-006	-0.014476	0.057831	0.057266	92.286	92.204
1.8536e-006	-0.012158	1.8557e-006	-0.013365	0.057857	0.057274	92.099	92.222
1.8537e-006	-0.012983	1.8557e-006	-0.013897	0.057687	0.057545	91.958	92.147
1.8537e-006	-0.014627	1.8556e-006	-0.013211	0.057527	0.057564	91.978	92.073
1.8537e-006	-0.014269	1.8556e-006	-0.012381	0.057501	0.057579	92.158	92.05
1.8537e-006	-0.012873	1.8556e-006	-0.012629	0.057839	0.057513	92.085	92.075
1.8537e-006	-0.011605	1.8556e-006	-0.013262	0.057844	0.057339	91.894	92.02
1.8537e-006	-0.011263	1.8556e-006	-0.013284	0.057543	0.057347	91.812	92.079
1.8538e-006	-0.011149	1.8555e-006	-0.012916	0.057551	0.057489	91.878	92.177
1.8538e-006	-0.011603	1.8555e-006	-0.013431	0.057625	0.057571	91.839	92.223
1.8538e-006	-0.01153	1.8555e-006	-0.013921	0.057439	0.057647	92.003	92.135
1.8539e-006	-0.012773	1.8555e-006	-0.013861	0.057266	0.057665	92.294	92.008
1.8539e-006	-0.012892	1.8555e-006	-0.013484	0.057489	0.057616	92.089	92.154
1.8539e-006	-0.012945	1.8555e-006	-0.013602	0.05748	0.057552	92.281	92.267
1.8539e-006	-0.014451	1.8554e-006	-0.013262	0.057628	0.057539	92.192	92.333
1.8539e-006	-0.014079	1.8554e-006	-0.012294	0.057429	0.057604	92.06	92.45
1.8539e-006	-0.013843	1.8554e-006	-0.012828	0.057844	0.057626	92.042	92.811
1.854e-006	-0.01423	1.8554e-006	-0.013189	0.058026	0.057546	92.039	92.701
1.854e-006	-0.013926	1.8554e-006	-0.013965	0.057908	0.057515	91.949	92.389
1.854e-006	-0.013087	1.8553e-006	-0.01421	0.057869	0.057557	92.103	92.583
1.854e-006	-0.012323	1.8553e-006	-0.014818	0.057937	0.057596	92.472	92.091
1.854e-006	-0.013037	1.8553e-006	-0.014435	0.057813	0.057688	92.02	92.118
1.8541e-006	-0.01347	1.8553e-006	-0.013942	0.057883	0.05753	92.268	92.161
1.8541e-006	-0.013064	1.8553e-006	-0.012963	0.057795	0.057546	92.203	92.23
1.8542e-006	-0.012744	1.8552e-006	-0.013329	0.057608	0.057723	92.129	92.205
1.8542e-006	-0.01227	1.8552e-006	-0.013703	0.057471	0.058007	92.052	92.293
1.8542e-006	-0.012441	1.8552e-006	-0.013288	0.057758	0.058092	92.144	92.438
1.8542e-006	-0.012385	1.8552e-006	-0.012982	0.057757	0.057905	92.124	92.285
1.8542e-006	-0.013124	1.8552e-006	-0.012671	0.057942	0.057828	92.089	92.166
1.8542e-006	-0.014348	1.8551e-006	-0.012732	0.057968	0.057524	91.909	92.11
1.8543e-006	-0.014464	1.8551e-006	-0.013058	0.057861	0.057401	91.892	92.347
1.8543e-006	-0.014144	1.8551e-006	-0.013444	0.057849	0.05782	92.033	92.247
1.8543e-006	-0.014448	1.8551e-006	-0.013666	0.057774	0.057774	92.039	92.283
1.8543e-006	-0.014551	1.8551e-006	-0.014117	0.05775	0.057677	92.097	92.041
1.8543e-006	-0.014209	1.8551e-006	-0.013294	0.057571	0.057723	92.02	91.695
1.8543e-006	-0.013974	1.8551e-006	-0.013167	0.057614	0.057848	92.047	91.801
1.8543e-006	-0.013977	1.855e-006	-0.013312	0.057648	0.057612	92.16	92.234
1.8543e-006	-0.013576	1.855e-006	-0.013347	0.057508	0.057864	92.32	92.271
1.8544e-006	-0.014322	1.855e-006	-0.013697	0.057421	0.05787	92.359	92.342
1.8544e-006	-0.014002	1.855e-006	-0.013957	0.05741	0.057883	92.232	92.282
1.8544e-006	-0.013807	1.855e-006	-0.014198	0.05777	0.057551	92.131	92.292
1.8544e-006	-0.013994	1.8549e-006	-0.013712	0.057759	0.057455	92.346	92.284
1.8544e-006	-0.014086	1.8549e-006	-0.012999	0.057675	0.057389	92.219	92.016
1.8545e-006	-0.014333	1.8549e-006	-0.013272	0.057641	0.057545	91.931	92.16
1.8545e-006	-0.01404	1.8548e-006	-0.013593	0.057623	0.057799	92.021	92.218
1.8545e-006	-0.013833	1.8548e-006	-0.013409	0.057564	0.057952	92.119	92.288
1.8546e-006	-0.013026	1.8548e-006	-0.012332	0.057672	0.057962	92.299	92.53
1.8545e-006	-0.012678	1.8548e-006	-0.012045	0.057699	0.057833	92.479	92.384
1.8546e-006	-0.011851	1.8548e-006	-0.012	0.057799	0.05761	92.448	92.179
1.8546e-006	-0.012524	1.8548e-006	-0.01268	0.057861	0.057709	92.292	91.983
1.8547e-006	-0.012204	1.8548e-006	-0.012964	0.057952	0.057745	92.085	92.243
1.8547e-006	-0.012394	1.8548e-006	-0.012678	0.057889	0.057679	92.404	92.298
1.8547e-006	-0.013235	1.8548e-006	-0.012941	0.057725	0.057578	92.103	92.368
1.8547e-006	-0.01309	1.8547e-006	-0.013667	0.057491	0.057622	92.439	92.139
1.8547e-006	-0.013969	1.8547e-006	-0.015378	0.057499	0.057507	92.216	92.137
1.8547e-006	-0.013152	1.8547e-006	-0.015137	0.057603	0.057515	92.137	92.031
1.8547e-006	-0.01313	1.8547e-006	-0.014696	0.057777	0.057591	91.992	92.014
1.8547e-006	-0.01436	1.8546e-006	-0.014161	0.05766	0.057622	92.091	92.31
1.8548e-006	-0.014502	1.8546e-006	-0.013354	0.057863	0.057542	91.915	92.426
1.8548e-006	-0.015206	1.8546e-006	-0.012621	0.057926	0.057479	91.941	92.351
1.8548e-006	-0.015161	1.8546e-006	-0.011951	0.057944	0.058091	92.092	91.933
1.8548e-006	-0.01542	1.8546e-006	-0.012933	0.057955	0.0583	91.941	91.993
1.8548e-006	-0.014685	1.8545e-006	-0.013597	0.057968	0.058227	92.081	92.396
1.8549e-006	-0.014676	1.8545e-006	-0.013674	0.057894	0.058013	92.038	92.123
1.8549e-006	-0.014259	1.8545e-006	-0.013031	0.057637	0.058051	92.082	92.11
1.8549e-006	-0.013719	1.8545e-006	-0.013362	0.057573	0.058144	92.066	92.195
1.8549e-006	-0.014262	1.8545e-006	-0.01305	0.05743	0.058126	92.26	92.061
1.8549e-006	-0.014397	1.8545e-006	-0.012306	0.057548	0.057963	92.222	92.028
1.8549e-006	-0.014939	1.8545e-006	-0.012659	0.057667	0.057738	92.205	92.173
1.855e-006	-0.015349	1.8544e-006	-0.013293	0.057931	0.057667	92.511	92.016
1.855e-006	-0.01424	1.8544e-006	-0.013306	0.057719	0.057602	92.376	92.118
1.855e-006	-0.013951	1.8544e-006	-0.013448	0.057474	0.057703	92.376	92.218
1.8551e-006	-0.013442	1.8544e-006	-0.013452	0.057463	0.057691	92.273	92.212
1.8551e-006	-0.012838	1.8543e-006	-0.013478	0.057417	0.057625	92.277	92.119
1.8551e-006	-0.012528	1.8543e-006	-0.013726	0.057358	0.057601	92.122	92.217
1.8551e-006	-0.012178	1.8543e-006	-0.0143	0.057735	0.057708	92.067	92.321
1.8551e-006	-0.012542	1.8543e-006	-0.014669	0.057664	0.057699	92.137	92.244
1.8551e-006	-0.013273	1.8543e-006	-0.014896	0.057543	0.057635	92.1	92.11
1.8551e-006	-0.014011	1.8543e-006	-0.01493	0.05764	0.057796	92.323	91.924
1.8551e-006	-0.013353	1.8543e-006	-0.014561	0.057604	0.057609	92.5	92.07
1.8552e-006	-0.012894	1.8543e-006	-0.014504	0.057585	0.057502	92.569	92.492
1.8552e-006	-0.013658	1.8543e-006	-0.014615	0.057369	0.057245	92.095	92.479
1.8552e-006	-0.014067	1.8542e-006	-0.014901	0.057497	0.057207	92.021	92.14
1.8552e-006	-0.014334	1.8542e-006	-0.014707	0.057507	0.057101	92.253	92.178
1.8552e-006	-0.013785	1.8541e-006	-0.01478	0.057534	0.057162	92.257	92.122
1.8553e-006	-0.01399	1.8541e-006	-0.015644	0.05747	0.057232	92.072	92.005
1.8553e-006	-0.014098	1.8541e-006	-0.016086	0.057654	0.057303	91.785	92.085
1.8553e-006	-0.014033	1.8541e-006	-0.016016	0.057678	0.057629	91.807	92.177
1.8553e-006	-0.014232	1.854e-006	-0.015965	0.057899	0.057839	91.885	92.04
1.8553e-006	-0.013944	1.854e-006	-0.015511	0.057871	0.057864	91.842	92.122
1.8554e-006	-0.014424	1.854e-006	-0.014539	0.057796	0.057727	91.984	92.402
1.8554e-006	-0.014141	1.854e-006	-0.014644	0.057824	0.057918	92.319	92.293
1.8554e-006	-0.014495	1.854e-006	-0.015349	0.057908	0.058031	91.944	92.321
1.8554e-006	-0.014416	1.854e-006	-0.014461	0.057638	0.057783	91.986	92.622
1.8554e-006	-0.01334	1.8539e-006	-0.0139	0.057356	0.057602	91.955	92.301
1.8555e-006	-0.012835	1.8539e-006	-0.014212	0.057385	0.057348	91.971	92.283
1.8555e-006	-0.013256	1.8539e-006	-0.01366	0.057294	0.057404	92.213	92.245
1.8555e-006	-0.013931	1.8539e-006	-0.013733	0.0571	0.057541	92.402	91.928
1.8556e-006	-0.013138	1.8539e-006	-0.013933	0.057406	0.057539	92.156	92.062
1.8556e-006	-0.013572	1.8539e-006	-0.014721	0.05752	0.05755	91.948	92.13
1.8556e-006	-0.013022	1.8538e-006	-0.014663	0.057589	0.057527	92.066	92.105
1.8556e-006	-0.012848	1.8538e-006	-0.013826	0.057498	0.057477	91.944	91.957
1.8556e-006	-0.012268	1.8538e-006	-0.013397	0.057412	0.057325	91.903	91.99
1.8557e-006	-0.01232	1.8538e-006	-0.013781	0.057558	0.057335	92.126	92.187
1.8557e-006	-0.012404	1.8537e-006	-0.014086	0.057397	0.057578	92.243	92.222
1.8557e-006	-0.012517	1.8537e-006	-0.013915	0.057511	0.057733	92.093	92.228
1.8557e-006	-0.012664	1.8537e-006	-0.014439	0.057621	0.057827	92.31	92.022
1.8557e-006	-0.013378	1.8537e-006	-0.014435	0.057718	0.057972	92.601	91.993
1.8557e-006	-0.01376	1.8537e-006	-0.013533	0.05766	0.057785	92.583	92.163
1.8558e-006	-0.013101	1.8537e-006	-0.013831	0.057789	0.057893	92.32	91.99
1.8558e-006	-0.012436	1.8537e-006	-0.014054	0.058005	0.057844	92.146	91.837
1.8558e-006	-0.013224	1.8537e-006	-0.013864	0.058106	0.057667	91.743	91.836
1.8558e-006	-0.01352	1.8537e-006	-0.013593	0.057827	0.057723	91.893	91.92
1.8558e-006	-0.012873	1.8536e-006	-0.01379	0.057774	0.05757	92.058	91.936
1.8558e-006	-0.012505	1.8536e-006	-0.01435	0.057614	0.05754	92.195	92.301
1.8559e-006	-0.012595	1.8536e-006	-0.014564	0.057707	0.057569	92.125	92.393
1.8559e-006	-0.012505	1.8535e-006	-0.013984	0.057983	0.05752	92.092	92.448
1.8559e-006	-0.01214	1.8535e-006	-0.012989	0.0578	0.057739	92.297	92.251
1.8559e-006	-0.013542	1.8535e-006	-0.013009	0.057507	0.057787	92.225	92.064
1.8559e-006	-0.014002	1.8535e-006	-0.012965	0.057412	0.057849	92.19	91.837
1.8559e-006	-0.013884	1.8535e-006	-0.013721	0.057375	0.05762	92.471	91.935
1.856e-006	-0.01408	1.8534e-006	-0.01362	0.057298	0.057654	92.454	92.08
1.856e-006	-0.014243	1.8534e-006	-0.013627	0.05754	0.058042	92.412	92.06
1.856e-006	-0.014576	1.8534e-006	-0.013061	0.057647	0.058096	92.611	91.833
1.856e-006	-0.014901	1.8534e-006	-0.012599	0.057647	0.057979	92.584	92.299
1.8561e-006	-0.014969	1.8533e-006	-0.012395	0.057619	0.057756	92.476	92.45
1.8561e-006	-0.014755	1.8533e-006	-0.012581	0.057944	0.057445	92.256	92.472
1.8561e-006	-0.013931	1.8533e-006	-0.012146	0.057962	0.057375	92.256	92.549
1.8561e-006	-0.01346	1.8533e-006	-0.01325	0.057733	0.057523	92.379	92.478
1.8562e-006	-0.013814	1.8533e-006	-0.01297	0.057665	0.057648	91.928	92.476
1.8562e-006	-0.012608	1.8533e-006	-0.01403	0.057561	0.057551	91.826	92.459
1.8562e-006	-0.012665	1.8533e-006	-0.013763	0.057538	0.057472	92.137	91.996
1.8562e-006	-0.012785	1.8533e-006	-0.013968	0.057592	0.057464	92.117	91.833
1.8562e-006	-0.013223	1.8533e-006	-0.01331	0.057415	0.057741	92.051	92.235
1.8562e-006	-0.013305	1.8533e-006	-0.012587	0.05744	0.057708	91.947	92.372
1.8562e-006	-0.013474	1.8533e-006	-0.011911	0.057349	0.057647	91.56	92.515
1.8563e-006	-0.013864	1.8532e-006	-0.011612	0.057677	0.057704	91.909	92.576
1.8563e-006	-0.014386	1.8532e-006	-0.012248	0.057653	0.057588	92.146	92.368
1.8563e-006	-0.01495	1.8532e-006	-0.011857	0.057936	0.057524	92.055	92.245
1.8563e-006	-0.01501	1.8531e-006	-0.012778	0.058055	0.057358	92.138	92.023
1.8563e-006	-0.014851	1.8531e-006	-0.012796	0.057647	0.057349	92.159	92.032
1.8564e-006	-0.015001	1.8531e-006	-0.01181	0.057851	0.057522	92.122	92.085
1.8564e-006	-0.014803	1.8531e-006	-0.012562	0.05774	0.057553	91.914	92.015
1.8564e-006	-0.013982	1.8531e-006	-0.012646	0.0578	0.057738	91.858	92.228
1.8564e-006	-0.013621	1.853e-006	-0.012934	0.057938	0.057831	91.835	92.079
1.8564e-006	-0.013489	1.853e-006	-0.013241	0.058105	0.057874	92.104	91.968
1.8565e-006	-0.013964	1.853e-006	-0.013095	0.057967	0.05785	92.212	91.902
1.8565e-006	-0.014074	1.853e-006	-0.012703	0.057803	0.057915	92.251	91.923
1.8565e-006	-0.013899	1.853e-006	-0.01269	0.05796	0.057764	92.013	92.289
1.8565e-006	-0.013822	1.8529e-006	-0.01251	0.057929	0.05792	91.819	92.337
1.8565e-006	-0.013433	1.8529e-006	-0.012091	0.057693	0.057831	91.722	92.097
1.8565e-006	-0.01315	1.8529e-006	-0.012647	0.057622	0.057738	91.963	91.896
1.8566e-006	-0.01224	1.8529e-006	-0.013424	0.057943	0.057573	91.986	91.873
1.8566e-006	-0.012376	1.8529e-006	-0.013973	0.057948	0.057589	92.307	91.822
1.8566e-006	-0.012536	1.8528e-006	-0.013491	0.057927	0.057827	92.406	91.948
1.8567e-006	-0.012647	1.8528e-006	-0.013375	0.05788	0.057671	92.389	92.175
1.8567e-006	-0.013032	1.8528e-006	-0.01281	0.057783	0.057669	92.463	92.248
1.8567e-006	-0.013992	1.8528e-006	-0.012907	0.057672	0.057781	92.357	91.993
1.8567e-006	-0.01353	1.8528e-006	-0.013108	0.057694	0.057714	92.271	92.18
1.8567e-006	-0.012678	1.8528e-006	-0.012845	0.057751	0.057699	92.14	92.526
1.8567e-006	-0.012561	1.8528e-006	-0.013518	0.058166	0.057854	91.975	92.219
1.8567e-006	-0.01296	1.8527e-006	-0.014589	0.057818	0.057749	92.177	92.085
1.8568e-006	-0.013059	1.8526e-006	-0.014123	0.057731	0.057616	92.122	92.146
1.8569e-006	-0.012945	1.8526e-006	-0.013775	0.057532	0.057508	92.263	91.979
1.8569e-006	-0.012753	1.8526e-006	-0.013852	0.057527	0.057628	92.476	91.892
1.8569e-006	-0.012589	1.8526e-006	-0.013734	0.057432	0.057432	92.26	91.962
1.8568e-006	-0.013014	1.8526e-006	-0.014318	0.057446	0.057656	92.158	92.278
1.8568e-006	-0.013847	1.8525e-006	-0.013909	0.057596	0.057352	92.187	92.352
1.8569e-006	-0.013698	1.8526e-006	-0.01351	0.057699	0.057373	92.353	92.559
1.8569e-006	-0.014242	1.8526e-006	-0.013113	0.057871	0.057573	92.407	92.363
1.8569e-006	-0.013888	1.8525e-006	-0.012451	0.057572	0.058041	92.235	92.186
1.8569e-006	-0.01385	1.8525e-006	-0.012373	0.057648	0.057875	92.29	92.31
1.8569e-006	-0.014285	1.8526e-006	-0.011829	0.057777	0.057641	92.09	92.349
1.8569e-006	-0.014848	1.8525e-006	-0.012497	0.057758	0.057553	92.076	92.315
1.857e-006	-0.013819	1.8525e-006	-0.01241	0.057716	0.057311	92.047	92.03
1.857e-006	-0.01274	1.8525e-006	-0.011691	0.057793	0.057473	92.23	91.733
1.8571e-006	-0.012814	1.8525e-006	-0.011594	0.057864	0.057749	92.402	91.663
1.8571e-006	-0.013065	1.8524e-006	-0.011851	0.05772	0.057893	92.395	91.629
1.8571e-006	-0.013554	1.8524e-006	-0.011376	0.057535	0.057876	92.304	91.908
1.8571e-006	-0.013771	1.8524e-006	-0.011929	0.057465	0.057714	92.49	92.217
1.8572e-006	-0.013583	1.8524e-006	-0.011886	0.057476	0.057627	92.319	92.018
1.8572e-006	-0.012826	1.8523e-006	-0.011791	0.057638	0.057762	92.026	92.166
1.8572e-006	-0.013527	1.8523e-006	-0.013106	0.05743	0.058026	92.202	92.204
1.8572e-006	-0.013216	1.8523e-006	-0.012986	0.05759	0.057861	92.275	91.966
1.8572e-006	-0.01341	1.8523e-006	-0.011779	0.05774	0.05789	92.678	92.066
1.8572e-006	-0.014011	1.8523e-006	-0.012051	0.057792	0.057828	92.848	92.012
1.8573e-006	-0.014728	1.8522e-006	-0.012314	0.057569	0.057527	92.756	92.187
1.8573e-006	-0.013665	1.8522e-006	-0.012466	0.057484	0.057638	92.492	92.244
1.8573e-006	-0.013429	1.8522e-006	-0.012746	0.057583	0.057721	92.282	92.443
1.8573e-006	-0.013704	1.8522e-006	-0.012678	0.05773	0.057778	92.532	92.264
1.8573e-006	-0.013137	1.8522e-006	-0.014154	0.05782	0.057738	92.709	91.87
1.8573e-006	-0.013166	1.8521e-006	-0.013279	0.057609	0.057515	92.599	91.749
1.8573e-006	-0.0124	1.8521e-006	-0.011839	0.057596	0.057434	92.365	91.87
1.8573e-006	-0.012207	1.8521e-006	-0.011725	0.057046	0.057341	91.974	92.259
1.8573e-006	-0.012159	1.8521e-006	-0.012113	0.057095	0.057454	92.309	92.217
1.8574e-006	-0.012449	1.8521e-006	-0.012391	0.057532	0.058084	92.361	92.192
1.8574e-006	-0.012399	1.8521e-006	-0.013107	0.057616	0.058167	92.432	92.053
1.8575e-006	-0.012468	1.852e-006	-0.01277	0.057787	0.058091	92.307	92.05
1.8575e-006	-0.012565	1.852e-006	-0.01246	0.057774	0.05797	92.207	92.084
1.8575e-006	-0.012691	1.852e-006	-0.012547	0.057619	0.057666	92.224	91.869
1.8575e-006	-0.012683	1.852e-006	-0.01246	0.057405	0.057542	92.215	92.082
1.8575e-006	-0.012785	1.852e-006	-0.012165	0.057391	0.057229	92.264	92.175
1.8575e-006	-0.012881	1.8519e-006	-0.012828	0.057522	0.057445	92.134	92.383
1.8575e-006	-0.01271	1.8519e-006	-0.013945	0.057563	0.057719	92.271	92.468
1.8576e-006	-0.012707	1.8519e-006	-0.013552	0.057577	0.057802	92.145	92.608
1.8576e-006	-0.012525	1.8519e-006	-0.012267	0.057543	0.057911	92.241	92.409
1.8576e-006	-0.012294	1.8519e-006	-0.01184	0.057443	0.057674	92.374	92.338
1.8576e-006	-0.012236	1.8518e-006	-0.01264	0.057616	0.057645	92.538	92.282
1.8576e-006	-0.011767	1.8518e-006	-0.012904	0.057663	0.057744	92.715	92.167
1.8576e-006	-0.012549	1.8518e-006	-0.012707	0.058078	0.057553	92.713	92.259
1.8577e-006	-0.012904	1.8518e-006	-0.012196	0.058097	0.057501	92.372	92.239
1.8578e-006	-0.01199	1.8518e-006	-0.012249	0.058036	0.057758	92.372	92.434
1.8578e-006	-0.011348	1.8518e-006	-0.012269	0.057964	0.057779	92.374	92.278
1.8577e-006	-0.011132	1.8517e-006	-0.01285	0.057771	0.057384	92.509	92.228
1.8577e-006	-0.011613	1.8517e-006	-0.013539	0.057734	0.057591	92.311	92.605
1.8577e-006	-0.0116	1.8517e-006	-0.012865	0.057797	0.057778	92.17	92.388
1.8578e-006	-0.011033	1.8517e-006	-0.012496	0.057599	0.057725	92.207	92.412
1.8579e-006	-0.010878	1.8517e-006	-0.013031	0.057671	0.057932	92.366	92.135
1.8579e-006	-0.01116	1.8516e-006	-0.012944	0.057619	0.05793	92.756	92.202
1.858e-006	-0.010734	1.8516e-006	-0.01183	0.057732	0.058067	92.707	92.258
1.8579e-006	-0.010867	1.8516e-006	-0.012325	0.057862	0.057911	92.341	92.192
1.8579e-006	-0.011241	1.8516e-006	-0.011755	0.057621	0.057578	92.321	92.251
1.8579e-006	-0.011084	1.8516e-006	-0.012013	0.057684	0.057536	92.54	92.289
1.8579e-006	-0.010984	1.8515e-006	-0.011964	0.05753	0.057752	92.537	92.038
1.858e-006	-0.011016	1.8515e-006	-0.011634	0.057807	0.057679	92.257	92.01
1.858e-006	-0.010638	1.8516e-006	-0.012052	0.057856	0.057474	92.123	91.716
1.858e-006	-0.011185	1.8516e-006	-0.013212	0.057832	0.05754	92.108	91.797
1.858e-006	-0.01183	1.8515e-006	-0.013531	0.05805	0.057535	92.322	91.955
1.858e-006	-0.011921	1.8515e-006	-0.012373	0.058038	0.057664	92.245	92.105
1.858e-006	-0.011681	1.8515e-006	-0.012482	0.057986	0.057846	92.109	92.015
1.8581e-006	-0.011258	1.8514e-006	-0.013062	0.057999	0.057737	92.361	92.123
1.8581e-006	-0.012418	1.8514e-006	-0.013144	0.057651	0.057765	92.531	91.993
1.8581e-006	-0.012754	1.8514e-006	-0.013639	0.057392	0.057781	92.43	92.029
1.8581e-006	-0.012423	1.8513e-006	-0.013595	0.057343	0.057726	92.388	91.998
1.8581e-006	-0.012224	1.8513e-006	-0.013015	0.05751	0.057641	92.603	92.084
1.8581e-006	-0.011603	1.8513e-006	-0.012757	0.057801	0.05754	92.497	92.121
1.8581e-006	-0.011164	1.8513e-006	-0.01269	0.057905	0.057678	92.367	91.971
1.8581e-006	-0.012231	1.8513e-006	-0.013079	0.05771	0.057687	92.385	91.904
1.8581e-006	-0.011642	1.8513e-006	-0.013952	0.057785	0.057706	92.451	92.115
1.8582e-006	-0.012724	1.8512e-006	-0.014179	0.057647	0.057609	92.166	92.064
1.8582e-006	-0.013194	1.8512e-006	-0.014312	0.057461	0.057685	92.386	92.133
1.8583e-006	-0.013855	1.8512e-006	-0.013546	0.057478	0.057741	92.582	92.089
1.8583e-006	-0.013843	1.8512e-006	-0.013533	0.057809	0.057625	92.583	92.259
1.8584e-006	-0.013549	1.8512e-006	-0.013802	0.057684	0.057605	92.437	92.18
1.8584e-006	-0.012635	1.8511e-006	-0.014026	0.057952	0.057704	92.571	92.144
1.8584e-006	-0.012136	1.8511e-006	-0.014123	0.057952	0.057787	92.259	91.889
1.8584e-006	-0.011847	1.8511e-006	-0.014175	0.05753	0.057939	92.107	91.844
1.8584e-006	-0.012754	1.8511e-006	-0.01397	0.057243	0.058154	92.103	91.812
1.8584e-006	-0.013254	1.8511e-006	-0.013654	0.057491	0.057857	92.314	92.018
1.8584e-006	-0.013146	1.8511e-006	-0.013371	0.057779	0.057576	92.636	92.227
1.8584e-006	-0.012697	1.8511e-006	-0.013666	0.057696	0.057489	92.661	92.49
1.8584e-006	-0.012923	1.8511e-006	-0.013384	0.05756	0.057589	92.534	92.053
1.8585e-006	-0.01382	1.8511e-006	-0.013255	0.057511	0.057511	92.533	92.112
1.8585e-006	-0.01394	1.851e-006	-0.013691	0.057479	0.057665	92.557	92.055
1.8585e-006	-0.013033	1.851e-006	-0.014583	0.057628	0.057507	92.513	92.126
1.8585e-006	-0.012339	1.851e-006	-0.013589	0.057961	0.057832	92.403	92.057
1.8585e-006	-0.012801	1.8509e-006	-0.013224	0.057919	0.057768	92.471	92.026
1.8586e-006	-0.013666	1.8509e-006	-0.012387	0.057499	0.057745	92.485	92.118
1.8586e-006	-0.013758	1.8509e-006	-0.012221	0.057487	0.057588	92.49	92.24
1.8586e-006	-0.013138	1.8509e-006	-0.012361	0.057609	0.057621	92.379	92.054
1.8586e-006	-0.012164	1.8509e-006	-0.012505	0.057726	0.057658	92.218	92.213
1.8586e-006	-0.012108	1.8509e-006	-0.01333	0.057825	0.057552	92.592	92.347
1.8586e-006	-0.011518	1.8508e-006	-0.012565	0.057827	0.057612	92.914	92.676
1.8587e-006	-0.011592	1.8508e-006	-0.012881	0.057372	0.057294	93.228	92.623
1.8587e-006	-0.01217	1.8508e-006	-0.01291	0.057535	0.057082	93.084	92.368
1.8587e-006	-0.013148	1.8508e-006	-0.012386	0.057547	0.0571	92.884	92.508
1.8588e-006	-0.01375	1.8507e-006	-0.012333	0.05738	0.057385	92.703	92.609
1.8588e-006	-0.01406	1.8507e-006	-0.013865	0.05733	0.057508	92.641	92.735
1.8588e-006	-0.014051	1.8507e-006	-0.014854	0.057493	0.057974	92.779	92.652
1.8588e-006	-0.01438	1.8507e-006	-0.014907	0.057621	0.058339	92.525	92.64
1.8588e-006	-0.013995	1.8507e-006	-0.014111	0.057547	0.058036	92.335	92.745
1.8589e-006	-0.013136	1.8507e-006	-0.013982	0.057557	0.057901	92.176	92.444
1.8589e-006	-0.013385	1.8507e-006	-0.014201	0.05764	0.057575	92.637	92.458
1.8589e-006	-0.013567	1.8506e-006	-0.014491	0.057907	0.057745	92.78	92.342
1.8589e-006	-0.013459	1.8506e-006	-0.013889	0.057712	0.057405	92.697	92.061
1.8589e-006	-0.012785	1.8506e-006	-0.014044	0.057725	0.057501	92.467	92.077
1.8589e-006	-0.012662	1.8506e-006	-0.014792	0.057782	0.057577	92.615	91.815
1.8589e-006	-0.012355	1.8506e-006	-0.014432	0.057766	0.057683	92.615	92.026
1.8589e-006	-0.011678	1.8506e-006	-0.013697	0.057968	0.057539	92.721	92.238
1.859e-006	-0.012274	1.8505e-006	-0.013241	0.057873	0.057336	92.638	91.943
1.859e-006	-0.012019	1.8505e-006	-0.013241	0.057659	0.057349	92.65	91.807
1.8591e-006	-0.011755	1.8505e-006	-0.013005	0.057616	0.057274	92.651	91.855
1.8591e-006	-0.011723	1.8505e-006	-0.013132	0.057852	0.057322	92.647	92.126
1.8591e-006	-0.011125	1.8505e-006	-0.013264	0.057826	0.057373	92.539	91.911
1.8591e-006	-0.011442	1.8504e-006	-0.014137	0.057877	0.057588	92.762	91.897
1.8591e-006	-0.012099	1.8504e-006	-0.013895	0.057601	0.057465	92.734	92.062
1.8591e-006	-0.011513	1.8504e-006	-0.013908	0.057433	0.057391	92.539	92.154
1.8591e-006	-0.012387	1.8504e-006	-0.013125	0.057608	0.057532	92.805	92.117
1.8592e-006	-0.012492	1.8504e-006	-0.01322	0.057605	0.057491	92.962	92.011
1.8592e-006	-0.012145	1.8503e-006	-0.012705	0.057599	0.05754	92.955	92.093
1.8592e-006	-0.012505	1.8503e-006	-0.013506	0.057893	0.057234	92.661	91.817
1.8593e-006	-0.012605	1.8503e-006	-0.01374	0.05795	0.057274	92.412	91.981
1.8593e-006	-0.013285	1.8503e-006	-0.013942	0.057992	0.057247	92.511	92.081
1.8593e-006	-0.012816	1.8503e-006	-0.014594	0.057873	0.057401	92.697	92.242
1.8593e-006	-0.012311	1.8503e-006	-0.014273	0.057641	0.05759	92.864	92.525
1.8593e-006	-0.012602	1.8502e-006	-0.014693	0.057442	0.057592	92.93	92.287
1.8593e-006	-0.012052	1.8502e-006	-0.013598	0.057576	0.057465	93.132	92.294
1.8593e-006	-0.012003	1.8502e-006	-0.013359	0.057578	0.057591	92.849	92.37
1.8594e-006	-0.01314	1.8502e-006	-0.014426	0.057502	0.057553	92.857	92.391
1.8594e-006	-0.012984	1.8502e-006	-0.015208	0.057343	0.057839	92.952	92.197
1.8594e-006	-0.013131	1.8502e-006	-0.01449	0.057217	0.057925	92.732	91.866
1.8594e-006	-0.012949	1.8502e-006	-0.013424	0.057622	0.057849	92.508	92.006
1.8594e-006	-0.013235	1.8501e-006	-0.013181	0.057548	0.057703	92.534	92.137
1.8595e-006	-0.013539	1.8501e-006	-0.013181	0.057627	0.057715	92.661	91.987
1.8595e-006	-0.013597	1.85e-006	-0.013069	0.057524	0.057575	92.661	91.951
1.8595e-006	-0.013466	1.85e-006	-0.012926	0.057451	0.057651	92.67	91.994
1.8595e-006	-0.012922	1.85e-006	-0.013219	0.057368	0.05783	92.664	92.284
1.8595e-006	-0.013064	1.85e-006	-0.01404	0.057654	0.057671	92.871	92.177
1.8596e-006	-0.013305	1.85e-006	-0.013764	0.057734	0.057634	92.832	91.645
1.8596e-006	-0.013415	1.85e-006	-0.012811	0.057637	0.057424	92.751	91.685
1.8596e-006	-0.012991	1.85e-006	-0.012304	0.057713	0.057337	92.826	91.859
1.8596e-006	-0.012403	1.8499e-006	-0.012931	0.057813	0.057595	92.871	92.047
1.8597e-006	-0.011128	1.8499e-006	-0.014215	0.057605	0.057404	92.942	92.057
1.8597e-006	-0.010849	1.8499e-006	-0.01459	0.05774	0.057317	93.185	92.046
1.8597e-006	-0.010967	1.8499e-006	-0.013632	0.05809	0.057366	93.278	92.12
1.8597e-006	-0.011864	1.8499e-006	-0.013489	0.058096	0.057661	92.768	92.275
1.8597e-006	-0.011817	1.8499e-006	-0.013572	0.057939	0.057688	92.681	92.332
1.8597e-006	-0.011226	1.8499e-006	-0.01363	0.057825	0.057888	92.739	92.574
1.8597e-006	-0.010701	1.8498e-006	-0.014266	0.05797	0.058038	92.943	92.338
1.8597e-006	-0.010493	1.8498e-006	-0.013641	0.05806	0.057914	93.263	92.187
1.8598e-006	-0.010476	1.8498e-006	-0.012494	0.058143	0.057854	93.523	92.017
1.8598e-006	-0.010644	1.8498e-006	-0.012429	0.058134	0.057846	93.472	91.938
1.8598e-006	-0.011417	1.8498e-006	-0.012825	0.057801	0.057968	93.183	91.856
1.8599e-006	-0.011581	1.8497e-006	-0.012643	0.05794	0.057907	93.304	92.11
1.8599e-006	-0.011973	1.8497e-006	-0.012164	0.057927	0.057898	93.204	92.042
1.8599e-006	-0.011493	1.8497e-006	-0.012163	0.057834	0.057766	93.064	92.295
1.8599e-006	-0.011336	1.8497e-006	-0.01273	0.057895	0.057666	93.052	92.084
1.8599e-006	-0.011201	1.8496e-006	-0.012113	0.057873	0.057688	93.123	92.015
1.8599e-006	-0.011815	1.8496e-006	-0.013222	0.057714	0.057524	93.488	92.038
1.86e-006	-0.012701	1.8496e-006	-0.013806	0.057642	0.057476	93.729	92.288
1.86e-006	-0.012358	1.8496e-006	-0.013549	0.057679	0.057641	93.616	92.283
1.86e-006	-0.013719	1.8496e-006	-0.013142	0.05759	0.05777	93.486	92.122
1.86e-006	-0.013025	1.8496e-006	-0.013343	0.057502	0.057645	93.528	92.037
1.86e-006	-0.012595	1.8496e-006	-0.013212	0.057516	0.057548	93.483	92.205
1.86e-006	-0.012343	1.8495e-006	-0.012752	0.057699	0.05766	93.217	92.183
1.8601e-006	-0.013033	1.8495e-006	-0.01323	0.057663	0.057226	93.345	92.046
1.8601e-006	-0.013652	1.8495e-006	-0.013426	0.057427	0.057301	93.394	92.129
1.8601e-006	-0.0137	1.8495e-006	-0.013492	0.057286	0.057696	93.425	92.196
1.8602e-006	-0.013691	1.8495e-006	-0.013813	0.05753	0.057937	93.25	92.197
1.8602e-006	-0.013151	1.8494e-006	-0.013326	0.057582	0.058093	93.517	92.02
1.8602e-006	-0.012298	1.8494e-006	-0.013462	0.057559	0.057775	93.577	92.066
1.8602e-006	-0.01242	1.8493e-006	-0.013821	0.057468	0.057757	93.748	91.996
1.8602e-006	-0.011256	1.8493e-006	-0.014136	0.057585	0.057638	93.633	91.975
1.8602e-006	-0.011381	1.8493e-006	-0.014598	0.057487	0.057591	93.477	92.198
1.8603e-006	-0.011842	1.8493e-006	-0.013993	0.057545	0.05774	93.938	92.353
1.8603e-006	-0.011822	1.8493e-006	-0.013633	0.057466	0.057631	94.304	92.038
1.8604e-006	-0.011572	1.8493e-006	-0.013571	0.057536	0.057416	94.581	91.853
1.8604e-006	-0.011852	1.8492e-006	-0.01369	0.058008	0.057658	94.208	91.741
1.8604e-006	-0.011236	1.8492e-006	-0.014162	0.057889	0.057677	94.077	91.879
1.8604e-006	-0.011312	1.8492e-006	-0.014522	0.057548	0.057505	94.05	92.118
1.8604e-006	-0.011879	1.8492e-006	-0.014557	0.057471	0.057638	94.155	92.047
1.8604e-006	-0.011987	1.8492e-006	-0.014097	0.057127	0.05787	94.641	92.058
1.8604e-006	-0.012454	1.8492e-006	-0.013632	0.056791	0.058045	95.494	92.188
1.8605e-006	-0.013565	1.8492e-006	-0.013452	0.056047	0.057675	96.991	92.151
1.8605e-006	-0.013233	1.8492e-006	-0.013824	0.056437	0.057485	96.424	92.252
1.8605e-006	-0.013418	1.8492e-006	-0.01397	0.055856	0.057435	96.913	92.132
1.8605e-006	-0.011987	1.8491e-006	-0.013808	0.055628	0.057702	97.342	92.136
1.8605e-006	-0.011164	1.8491e-006	-0.014116	0.056292	0.057766	96.649	92.079
1.8605e-006	-0.011822	1.849e-006	-0.013959	0.05617	0.057746	97.17	92.032
1.8605e-006	-0.012516	1.849e-006	-0.014009	0.055752	0.057672	97.548	92.218
1.8606e-006	-0.012386	1.849e-006	-0.014793	0.054966	0.057911	98.745	92.563
1.8606e-006	-0.011909	1.849e-006	-0.014294	0.055218	0.058147	98.037	92.219
1.8606e-006	-0.011683	1.849e-006	-0.013307	0.053894	0.058242	100.08	92.093
1.8606e-006	-0.011313	1.8489e-006	-0.014107	0.053483	0.057924	100.86	92.314
1.8606e-006	-0.011674	1.8489e-006	-0.014288	0.051806	0.057608	102.59	92.178
1.8607e-006	-0.010817	1.849e-006	-0.014973	0.050356	0.057312	104.54	91.937
1.8607e-006	-0.010949	1.8489e-006	-0.014511	0.0509	0.057398	104.06	91.897
1.8607e-006	-0.011586	1.8489e-006	-0.014412	0.050941	0.057539	103.95	91.977
1.8607e-006	-0.011993	1.8488e-006	-0.014441	0.049785	0.05772	105.6	92.139
1.8607e-006	-0.011988	1.8488e-006	-0.014083	0.047035	0.057886	109.39	92.526
1.8608e-006	-0.011721	1.8489e-006	-0.013522	0.046449	0.058002	108.98	92.529
1.8608e-006	-0.011369	1.8489e-006	-0.013698	0.047892	0.057734	107.4	92.554
1.8608e-006	-0.011584	1.8488e-006	-0.013288	0.047541	0.057497	107.96	92.578
1.8608e-006	-0.011604	1.8488e-006	-0.012423	0.048212	0.05762	106.94	92.255
1.8608e-006	-0.011315	1.8487e-006	-0.012916	0.04781	0.057513	107.24	92.121
1.8609e-006	-0.010675	1.8487e-006	-0.01343	0.048524	0.057313	106.28	91.93
1.8608e-006	-0.010523	1.8487e-006	-0.013753	0.048363	0.057325	107.58	92.348
1.8608e-006	-0.011159	1.8487e-006	-0.013642	0.046605	0.057676	109.9	92.443
1.8609e-006	-0.011168	1.8487e-006	-0.013412	0.045294	0.057827	110.59	92.049
1.8609e-006	-0.01242	1.8487e-006	-0.013613	0.045743	0.057821	109.64	92.008
1.861e-006	-0.012987	1.8486e-006	-0.014399	0.044165	0.057597	111.51	92.167
1.861e-006	-0.013101	1.8486e-006	-0.013487	0.042667	0.0572	112.44	92.233
1.8609e-006	-0.013347	1.8486e-006	-0.012897	0.042442	0.05716	112.09	92.324
1.861e-006	-0.013131	1.8486e-006	-0.013277	0.04141	0.057411	112.76	92.229
1.861e-006	-0.01249	1.8485e-006	-0.013548	0.04006	0.057563	113.1	92.082
1.8611e-006	-0.01281	1.8485e-006	-0.012567	0.040101	0.057647	113.36	91.872
1.8612e-006	-0.012218	1.8485e-006	-0.012394	0.040174	0.057661	113.79	92.241
1.8612e-006	-0.012733	1.8485e-006	-0.012571	0.038902	0.057986	115.22	92.378
1.8611e-006	-0.012951	1.8485e-006	-0.01254	0.038856	0.058096	114.45	92.327
1.8611e-006	-0.012852	1.8484e-006	-0.012295	0.037194	0.057977	115	92.177
1.8611e-006	-0.013236	1.8484e-006	-0.013231	0.035648	0.058161	115.9	92.445
1.8612e-006	-0.013046	1.8484e-006	-0.013281	0.035306	0.05803	114.71	92.305
1.8611e-006	-0.012819	1.8484e-006	-0.012194	0.036193	0.057638	113.09	92.05
1.8611e-006	-0.012345	1.8484e-006	-0.012536	0.036449	0.05738	114.23	92.012
1.8612e-006	-0.012298	1.8484e-006	-0.012866	0.037516	0.057496	113.59	92.169
1.8612e-006	-0.012931	1.8484e-006	-0.012528	0.037649	0.057441	114.09	92.056
1.8613e-006	-0.012564	1.8484e-006	-0.013003	0.035991	0.057533	116.03	91.9
1.8613e-006	-0.012671	1.8484e-006	-0.01305	0.035514	0.05759	116.68	91.734
1.8613e-006	-0.012783	1.8483e-006	-0.013261	0.033755	0.057508	127.97	91.925
1.8613e-006	-0.013404	1.8482e-006	-0.013745	0.033683	0.057504	128.55	92.1
1.8613e-006	-0.01394	1.8482e-006	-0.013741	0.03409	0.05777	125.35	92.176
1.8614e-006	-0.013973	1.8482e-006	-0.014129	0.034237	0.057893	123.09	92.153
1.8614e-006	-0.012182	1.8483e-006	-0.013145	0.034163	0.057811	118.36	92.357
1.8614e-006	-0.013385	1.8483e-006	-0.012449	0.034579	0.057766	115.82	92.108
1.8614e-006	-0.013297	1.8483e-006	-0.012145	0.034312	0.05757	114.85	92.168
1.8614e-006	-0.012791	1.8483e-006	-0.012274	0.034742	0.057505	112.6	92.339
1.8614e-006	-0.013347	1.8482e-006	-0.011988	0.034922	0.057777	112.13	92.1
1.8614e-006	-0.01362	1.8481e-006	-0.012744	0.035	0.057745	112.96	92.116
1.8615e-006	-0.014231	1.848e-006	-0.012991	0.034398	0.057567	112.96	92.378
1.8615e-006	-0.013692	1.8481e-006	-0.01225	0.033506	0.057427	112.17	92.38
1.8615e-006	-0.013797	1.8481e-006	-0.01228	0.032614	0.057499	109.57	92.433
1.8615e-006	-0.013698	1.848e-006	-0.012603	0.032489	0.057783	107.52	92.705
1.8616e-006	-0.013048	1.848e-006	-0.012426	0.032557	0.057722	106.61	92.573
1.8616e-006	-0.013905	1.848e-006	-0.012437	0.032095	0.057697	107.83	92.217
1.8616e-006	-0.014256	1.848e-006	-0.012064	0.032237	0.057403	108.44	92.21
1.8617e-006	-0.013462	1.848e-006	-0.01237	0.032191	0.057346	105.76	92.32
1.8617e-006	-0.012461	1.8481e-006	-0.011046	0.031576	0.05739	103.11	92.222
1.8617e-006	-0.012393	1.848e-006	-0.011246	0.031807	0.057546	103.4	92.007
1.8616e-006	-0.013181	1.8479e-006	-0.011634	0.031864	0.057739	102.77	92.049
1.8617e-006	-0.01313	1.8479e-006	-0.011587	0.030907	0.057708	101.47	92.243
1.8618e-006	-0.0128	1.8479e-006	-0.012835	0.030208	0.057454	99.797	92.107
1.8618e-006	-0.013006	1.8478e-006	-0.012825	0.029713	0.057721	99.206	92.015
1.8618e-006	-0.013117	1.8479e-006	-0.012858	0.029633	0.057737	97.927	92.053
1.8618e-006	-0.012423	1.8479e-006	-0.012183	0.029935	0.057756	97.842	92.048
1.8619e-006	-0.011278	1.8478e-006	-0.010874	0.029936	0.057803	98.46	92.067
1.8619e-006	-0.013017	1.8478e-006	-0.011274	0.029345	0.057768	97.2	92.348
1.8619e-006	-0.013795	1.8477e-006	-0.01222	0.029376	0.057884	97.836	92.278
1.8618e-006	-0.014508	1.8477e-006	-0.012705	0.028602	0.057918	97.144	92.108
1.8618e-006	-0.014535	1.8477e-006	-0.012484	0.028474	0.057945	96.027	92.296
1.8619e-006	-0.014135	1.8477e-006	-0.013079	0.028312	0.057757	95.926	92.156
1.8619e-006	-0.01485	1.8477e-006	-0.013808	0.028006	0.057423	95.383	92.091
1.862e-006	-0.014446	1.8477e-006	-0.012988	0.026864	0.057731	93.689	91.975
1.862e-006	-0.01442	1.8477e-006	-0.012572	0.025301	0.057638	91.622	91.697
1.862e-006	-0.014356	1.8477e-006	-0.012699	0.024852	0.057557	90.322	91.673
1.862e-006	-0.014682	1.8476e-006	-0.013148	0.024879	0.057602	88.461	91.715
1.862e-006	-0.014279	1.8476e-006	-0.013571	0.025419	0.057726	89.82	91.81
1.8621e-006	-0.014384	1.8476e-006	-0.013155	0.02508	0.057596	89.106	91.841
1.8621e-006	-0.013742	1.8476e-006	-0.013012	0.024027	0.057603	86.337	91.891
1.8621e-006	-0.013455	1.8476e-006	-0.012492	0.023274	0.057776	84.36	92.02
1.8621e-006	-0.013076	1.8475e-006	-0.012158	0.022819	0.058019	84.693	92.122
1.8621e-006	-0.013289	1.8475e-006	-0.012239	0.022575	0.057667	84.843	92.186
1.8622e-006	-0.013754	1.8475e-006	-0.012847	0.02196	0.057665	84.398	92.397
1.8623e-006	-0.013651	1.8475e-006	-0.013869	0.021795	0.057495	85.446	92.111
1.8623e-006	-0.013115	1.8475e-006	-0.014497	0.022136	0.057833	83.359	92.185
1.8624e-006	-0.012587	1.8475e-006	-0.013565	0.021312	0.057975	82.225	92.17
1.8623e-006	-0.012567	1.8474e-006	-0.012797	0.020729	0.057807	80.808	92.018
1.8623e-006	-0.013764	1.8474e-006	-0.01224	0.021452	0.057659	82.248	91.97
1.8623e-006	-0.013926	1.8474e-006	-0.011363	0.021722	0.057481	83.245	91.944
1.8623e-006	-0.013925	1.8474e-006	-0.011307	0.022349	0.057335	84.515	91.962
1.8623e-006	-0.013622	1.8474e-006	-0.011518	0.022294	0.057551	85.185	91.745
1.8623e-006	-0.012318	1.8474e-006	-0.012022	0.021294	0.057822	83.772	91.85
1.8624e-006	-0.013071	1.8474e-006	-0.01277	0.02095	0.057661	83.918	91.944
1.8624e-006	-0.013282	1.8474e-006	-0.011888	0.020635	0.057454	82.554	91.761
1.8625e-006	-0.013207	1.8473e-006	-0.010641	0.020341	0.057511	81.985	91.792
1.8625e-006	-0.01264	1.8473e-006	-0.010065	0.018928	0.057627	81.259	92.035
1.8625e-006	-0.012517	1.8472e-006	-0.010599	0.018727	0.057528	82.419	91.821
1.8625e-006	-0.012354	1.8472e-006	-0.010865	0.017772	0.057447	78.672	91.796
1.8625e-006	-0.011625	1.8472e-006	-0.012413	0.016924	0.057348	76.686	91.776
1.8625e-006	-0.012518	1.8472e-006	-0.012639	0.017158	0.057342	77.483	92.001
1.8626e-006	-0.013654	1.8472e-006	-0.012881	0.017904	0.057392	78.086	92.344
1.8626e-006	-0.013218	1.8472e-006	-0.012295	0.017253	0.057658	77.043	92.406
1.8626e-006	-0.012692	1.8471e-006	-0.011678	0.016257	0.057392	75.937	92.197
1.8626e-006	-0.013017	1.8471e-006	-0.012	0.015533	0.057503	76.106	92.316
1.8626e-006	-0.013794	1.8471e-006	-0.012716	0.015893	0.057756	76.466	92.145
1.8627e-006	-0.014011	1.847e-006	-0.013239	0.015662	0.057728	76.267	92.18
1.8627e-006	-0.013272	1.847e-006	-0.013444	0.014963	0.057817	74.747	91.841
1.8627e-006	-0.014384	1.8471e-006	-0.013655	0.014887	0.05772	74.915	91.951
1.8627e-006	-0.013583	1.847e-006	-0.013281	0.0147	0.057753	74.193	91.868
1.8628e-006	-0.012313	1.847e-006	-0.013224	0.015742	0.057976	74.987	92.145
1.8627e-006	-0.012032	1.847e-006	-0.013075	0.01479	0.057912	72.845	92.045
1.8627e-006	-0.012637	1.8469e-006	-0.01332	0.014073	0.057785	70.627	92.044
1.8628e-006	-0.013027	1.8469e-006	-0.013919	0.014	0.057541	71.414	92.201
1.8628e-006	-0.013344	1.8469e-006	-0.013696	0.013623	0.057365	70.347	92.322
1.8628e-006	-0.013861	1.8469e-006	-0.01365	0.013355	0.057471	72.099	92.285
1.8628e-006	-0.014434	1.8469e-006	-0.012689	0.01405	0.057682	72.262	92.063
1.8628e-006	-0.013397	1.8469e-006	-0.012034	0.012934	0.057712	68.947	91.928
1.8629e-006	-0.013686	1.8468e-006	-0.011305	0.012386	0.057722	69.336	92.27
1.8629e-006	-0.013503	1.8468e-006	-0.011132	0.013413	0.057785	72.528	92.334
1.8629e-006	-0.013592	1.8468e-006	-0.011981	0.012499	0.057691	70.108	92.562
1.8629e-006	-0.014066	1.8468e-006	-0.012385	0.011985	0.057681	71.164	92.746
1.8629e-006	-0.014178	1.8468e-006	-0.013041	0.011284	0.057924	69.157	92.528
1.863e-006	-0.01437	1.8467e-006	-0.012273	0.010769	0.057894	69.405	92.419
1.863e-006	-0.014343	1.8467e-006	-0.012561	0.010741	0.057513	67.82	92.322
1.8631e-006	-0.014276	1.8467e-006	-0.012122	0.0096118	0.057575	64.734	92.342
1.8631e-006	-0.013888	1.8467e-006	-0.011779	0.010533	0.057605	68.148	92.18
1.8631e-006	-0.013865	1.8467e-006	-0.012049	0.010396	0.057348	67.554	92.2
1.8631e-006	-0.013816	1.8466e-006	-0.011672	0.0092733	0.057492	65.074	92.17
1.8632e-006	-0.014067	1.8466e-006	-0.011505	0.008297	0.057588	63.486	91.965
1.8632e-006	-0.013914	1.8466e-006	-0.011339	0.0083637	0.057578	64.231	91.93
1.8632e-006	-0.013257	1.8466e-006	-0.010996	0.007143	0.057828	61.586	91.919
1.8631e-006	-0.013729	1.8465e-006	-0.010941	0.0072706	0.058019	61.6	92.126
1.8632e-006	-0.013406	1.8465e-006	-0.010604	0.0066876	0.058001	58.533	92.163
1.8632e-006	-0.012959	1.8465e-006	-0.010967	0.005554	0.057681	53.126	92.033
