1.8468e-006	-0.013917	1.8624e-006	-0.01406	0.057974	0.0097179	91.824	65.163
1.8468e-006	-0.015879	1.8624e-006	-0.014767	0.057848	0.010525	91.728	65.977
1.8468e-006	-0.015258	1.8624e-006	-0.014744	0.057901	0.0098669	91.732	65.793
1.8468e-006	-0.014932	1.8624e-006	-0.014314	0.057602	0.010721	91.955	68.902
1.8468e-006	-0.015004	1.8624e-006	-0.013289	0.057617	0.010687	92.343	67.181
1.8468e-006	-0.014771	1.8623e-006	-0.013729	0.057529	0.011015	92.407	68.073
1.8468e-006	-0.014062	1.8623e-006	-0.013863	0.057502	0.010884	92.134	67.947
1.8469e-006	-0.013844	1.8623e-006	-0.013422	0.057585	0.011256	92.01	67.849
1.8469e-006	-0.013351	1.8623e-006	-0.013654	0.057658	0.010675	92.174	65.519
1.8469e-006	-0.014058	1.8623e-006	-0.013063	0.057654	0.0095296	92.343	64.74
1.8469e-006	-0.01467	1.8623e-006	-0.011361	0.057703	0.010589	92.541	67.513
1.8469e-006	-0.015003	1.8623e-006	-0.011249	0.057912	0.010526	92.508	66.907
1.8469e-006	-0.015386	1.8623e-006	-0.012326	0.057687	0.01017	92.181	66.342
1.847e-006	-0.015231	1.8622e-006	-0.012182	0.057555	0.010571	92.394	64.613
1.847e-006	-0.014783	1.8622e-006	-0.012702	0.057843	0.010829	92.339	66.114
1.847e-006	-0.014002	1.8622e-006	-0.012339	0.05798	0.011647	92.294	68.903
1.847e-006	-0.014205	1.8622e-006	-0.012552	0.057868	0.010603	92.125	66.869
1.847e-006	-0.014553	1.8622e-006	-0.012902	0.057628	0.011699	91.922	69.396
1.8471e-006	-0.014654	1.8622e-006	-0.012984	0.057659	0.011727	92.092	68.5
1.8471e-006	-0.014511	1.8622e-006	-0.013695	0.057892	0.01155	92.057	67.262
1.8471e-006	-0.014099	1.8621e-006	-0.01346	0.057547	0.012075	92.021	68.649
1.8471e-006	-0.013956	1.8621e-006	-0.013107	0.057696	0.012655	92.09	69.009
1.8471e-006	-0.014414	1.862e-006	-0.012902	0.057681	0.012479	92.172	68.739
1.8471e-006	-0.01469	1.862e-006	-0.013533	0.057497	0.012856	92.393	71.639
1.8472e-006	-0.014824	1.8619e-006	-0.013211	0.057813	0.013583	92.25	71.036
1.8472e-006	-0.0154	1.8619e-006	-0.01268	0.057906	0.013988	92.315	70.761
1.8472e-006	-0.015925	1.862e-006	-0.013359	0.057745	0.014471	92.125	71.144
1.8472e-006	-0.01606	1.862e-006	-0.013574	0.057466	0.015043	92.094	71.654
1.8473e-006	-0.015703	1.862e-006	-0.013901	0.057237	0.014515	92.065	70.992
1.8473e-006	-0.015689	1.862e-006	-0.014162	0.057503	0.014595	92.061	71.136
1.8473e-006	-0.01617	1.8619e-006	-0.013483	0.057572	0.014947	91.999	71.385
1.8473e-006	-0.015616	1.8619e-006	-0.013685	0.057541	0.015093	92.187	71.641
1.8473e-006	-0.016202	1.8619e-006	-0.014038	0.057901	0.015012	92.237	73.41
1.8473e-006	-0.015431	1.8619e-006	-0.013881	0.057797	0.015852	91.943	74.493
1.8474e-006	-0.014539	1.8619e-006	-0.015264	0.057772	0.016481	92.013	74.36
1.8474e-006	-0.015142	1.8619e-006	-0.014657	0.057684	0.016819	91.975	75.472
1.8474e-006	-0.015275	1.8618e-006	-0.01395	0.057634	0.017723	92.215	75.075
1.8474e-006	-0.016254	1.8618e-006	-0.01369	0.057626	0.017993	92.367	75.145
1.8474e-006	-0.015633	1.8618e-006	-0.013275	0.057803	0.018032	92.316	74.775
1.8474e-006	-0.014973	1.8618e-006	-0.014221	0.057812	0.018116	92.624	75.433
1.8474e-006	-0.015578	1.8618e-006	-0.014592	0.057628	0.017948	92.35	75.639
1.8474e-006	-0.016716	1.8617e-006	-0.014812	0.057288	0.01793	92.159	75.786
1.8474e-006	-0.017339	1.8617e-006	-0.014516	0.057301	0.018758	92.333	76.146
1.8475e-006	-0.016763	1.8618e-006	-0.014111	0.057381	0.019494	92.337	77.276
1.8475e-006	-0.016175	1.8618e-006	-0.013531	0.057458	0.019404	92.132	75.946
1.8475e-006	-0.016162	1.8617e-006	-0.013429	0.057563	0.019376	92.226	74.671
1.8476e-006	-0.015165	1.8616e-006	-0.013816	0.057493	0.019172	91.918	74.234
1.8476e-006	-0.013845	1.8617e-006	-0.013889	0.057347	0.019211	91.841	75.407
1.8476e-006	-0.013968	1.8617e-006	-0.014197	0.057471	0.019712	91.977	76.613
1.8476e-006	-0.014329	1.8617e-006	-0.013643	0.057599	0.020461	92.346	77.476
1.8476e-006	-0.014881	1.8616e-006	-0.014097	0.057752	0.020446	92.234	78.345
1.8476e-006	-0.014523	1.8616e-006	-0.014575	0.057868	0.020935	92.09	79.65
1.8477e-006	-0.014493	1.8616e-006	-0.014254	0.057982	0.021578	92.236	80.168
1.8477e-006	-0.014809	1.8616e-006	-0.013455	0.057828	0.022044	91.984	78.714
1.8477e-006	-0.015039	1.8615e-006	-0.013312	0.057661	0.021644	92.028	78.541
1.8477e-006	-0.014753	1.8615e-006	-0.014526	0.057718	0.020392	92.34	77.632
1.8477e-006	-0.014046	1.8615e-006	-0.014609	0.058055	0.020231	92.452	79.211
1.8478e-006	-0.014124	1.8614e-006	-0.01452	0.057858	0.020918	92.242	81.147
1.8478e-006	-0.014596	1.8614e-006	-0.014217	0.057543	0.020959	92.274	80.193
1.8478e-006	-0.015433	1.8614e-006	-0.014626	0.057642	0.021616	92.064	81.767
1.8478e-006	-0.015103	1.8614e-006	-0.013282	0.057564	0.020955	92.292	80.98
1.8478e-006	-0.014502	1.8614e-006	-0.013233	0.057628	0.021876	92.352	80.066
1.8478e-006	-0.014445	1.8614e-006	-0.013299	0.057906	0.022528	92.347	79.938
1.8478e-006	-0.014579	1.8613e-006	-0.012871	0.05795	0.021715	92.361	78.133
1.8478e-006	-0.014966	1.8614e-006	-0.013803	0.057987	0.021592	92.274	76.807
1.8479e-006	-0.016137	1.8614e-006	-0.015114	0.057925	0.022037	92.231	78.361
1.8479e-006	-0.016798	1.8614e-006	-0.015431	0.057732	0.022774	92.297	81.911
1.8479e-006	-0.015508	1.8613e-006	-0.015668	0.057502	0.024396	91.915	84.458
1.848e-006	-0.014697	1.8612e-006	-0.015633	0.057592	0.024711	92.036	85.14
1.848e-006	-0.014792	1.8612e-006	-0.014311	0.05767	0.024763	92.043	85.804
1.848e-006	-0.015024	1.8612e-006	-0.013	0.057722	0.025115	92.133	86.85
1.848e-006	-0.015329	1.8612e-006	-0.012761	0.057657	0.025826	91.992	87.71
1.848e-006	-0.015565	1.8612e-006	-0.012493	0.057633	0.02618	92.154	87.668
1.848e-006	-0.015998	1.8612e-006	-0.011919	0.057722	0.026753	92.257	87.2
1.848e-006	-0.015953	1.8612e-006	-0.011619	0.05755	0.026515	92.028	86.63
1.8481e-006	-0.016489	1.8612e-006	-0.011988	0.057653	0.026497	91.992	87.34
1.8481e-006	-0.016626	1.8612e-006	-0.013289	0.057743	0.026484	92.18	86.854
1.8481e-006	-0.016142	1.8611e-006	-0.013062	0.057575	0.026609	92.278	87.081
1.8481e-006	-0.015411	1.8611e-006	-0.012916	0.057542	0.026406	92.012	87.359
1.8481e-006	-0.015321	1.861e-006	-0.013056	0.057521	0.026882	91.766	89.075
1.8481e-006	-0.015749	1.861e-006	-0.013211	0.057546	0.027263	91.911	90.044
1.8482e-006	-0.015444	1.8609e-006	-0.012983	0.057542	0.027189	92.071	89.313
1.8482e-006	-0.015091	1.861e-006	-0.01376	0.057421	0.02727	92.168	89.03
1.8482e-006	-0.015448	1.861e-006	-0.013822	0.057292	0.02761	92.176	90.811
1.8482e-006	-0.015622	1.861e-006	-0.013913	0.057415	0.02811	92.185	91.367
1.8482e-006	-0.014603	1.861e-006	-0.013683	0.057589	0.02763	92.431	88.323
1.8483e-006	-0.015073	1.861e-006	-0.013392	0.05759	0.027705	92.465	89.873
1.8483e-006	-0.014781	1.8609e-006	-0.013076	0.057985	0.028678	92.558	92.698
1.8484e-006	-0.014665	1.8609e-006	-0.012747	0.057751	0.029348	92.047	94.253
1.8483e-006	-0.014855	1.8609e-006	-0.012355	0.057744	0.029694	91.862	93.671
1.8483e-006	-0.015074	1.8608e-006	-0.012665	0.057592	0.030119	91.917	93.3
1.8484e-006	-0.014938	1.8608e-006	-0.012689	0.05741	0.03112	91.986	93.919
1.8484e-006	-0.0152	1.8608e-006	-0.013226	0.057425	0.031005	92.133	95.348
1.8485e-006	-0.015036	1.8608e-006	-0.013142	0.057354	0.030192	92.067	94.187
1.8485e-006	-0.014714	1.8607e-006	-0.012851	0.057661	0.029726	92.232	93.805
1.8485e-006	-0.015088	1.8607e-006	-0.012809	0.057722	0.029824	92.409	95.129
1.8485e-006	-0.01561	1.8607e-006	-0.013063	0.057689	0.030117	92.414	97.199
1.8485e-006	-0.01532	1.8607e-006	-0.013704	0.057749	0.030559	92.09	97.449
1.8485e-006	-0.01521	1.8607e-006	-0.013565	0.057719	0.030415	91.951	96.919
1.8485e-006	-0.015053	1.8607e-006	-0.013111	0.057669	0.030788	92.241	97.89
1.8485e-006	-0.014739	1.8607e-006	-0.013542	0.057437	0.031471	92.107	98.594
1.8486e-006	-0.014771	1.8607e-006	-0.013378	0.057543	0.031153	91.788	97.38
1.8486e-006	-0.015783	1.8607e-006	-0.013537	0.057552	0.031104	91.918	97.413
1.8486e-006	-0.01659	1.8606e-006	-0.013342	0.057432	0.031369	91.963	97.869
1.8486e-006	-0.016017	1.8606e-006	-0.012789	0.057183	0.032256	92.144	100.3
1.8487e-006	-0.015365	1.8606e-006	-0.013866	0.057269	0.03253	92.321	101.75
1.8487e-006	-0.015175	1.8606e-006	-0.013899	0.057287	0.03258	92.023	100.35
1.8487e-006	-0.01548	1.8605e-006	-0.01383	0.057647	0.032743	91.894	100.82
1.8487e-006	-0.015961	1.8605e-006	-0.013737	0.057443	0.032388	91.951	101.74
1.8487e-006	-0.015609	1.8604e-006	-0.013367	0.057629	0.032165	92.116	102.28
1.8487e-006	-0.015367	1.8605e-006	-0.013757	0.058002	0.031641	92.242	101.29
1.8488e-006	-0.015007	1.8605e-006	-0.013125	0.057945	0.032463	92.18	103.18
1.8488e-006	-0.01492	1.8605e-006	-0.013219	0.057661	0.033193	92.332	106.31
1.8488e-006	-0.014383	1.8605e-006	-0.013028	0.057534	0.033787	92.407	106.63
1.8488e-006	-0.014323	1.8604e-006	-0.013056	0.057454	0.034224	92.26	106.74
1.8488e-006	-0.014722	1.8604e-006	-0.013387	0.057455	0.034164	92.208	108.39
1.8489e-006	-0.014493	1.8604e-006	-0.013624	0.057424	0.03402	92.389	109.66
1.8489e-006	-0.014448	1.8603e-006	-0.012499	0.057663	0.034267	92.162	110.14
1.8489e-006	-0.014845	1.8603e-006	-0.012564	0.057629	0.034525	92.143	110.83
1.8489e-006	-0.015249	1.8603e-006	-0.012289	0.057744	0.034595	92.22	111.13
1.8489e-006	-0.015347	1.8603e-006	-0.0117	0.057856	0.034618	92.438	110.76
1.8489e-006	-0.014602	1.8603e-006	-0.011269	0.057882	0.034606	92.058	112.1
1.8489e-006	-0.014343	1.8602e-006	-0.012304	0.057892	0.033826	91.841	111.27
1.849e-006	-0.015491	1.8602e-006	-0.012825	0.057797	0.033882	91.86	108.19
1.849e-006	-0.015	1.8603e-006	-0.01258	0.057387	0.034928	92.11	108.74
1.849e-006	-0.015532	1.8602e-006	-0.012178	0.057378	0.035214	92.017	109.06
1.849e-006	-0.014743	1.8602e-006	-0.011764	0.057225	0.034897	92.466	108.03
1.8491e-006	-0.014088	1.8602e-006	-0.011969	0.05753	0.034595	92.609	110.63
1.8491e-006	-0.014298	1.8601e-006	-0.012646	0.057848	0.03487	92.353	112.14
1.8491e-006	-0.014911	1.8601e-006	-0.01332	0.058178	0.035299	91.925	113.58
1.8491e-006	-0.015242	1.8601e-006	-0.013069	0.058036	0.035843	91.79	114.83
1.8491e-006	-0.01495	1.8601e-006	-0.012997	0.057805	0.035784	92.064	115.03
1.8492e-006	-0.01471	1.86e-006	-0.012971	0.057689	0.035557	92.19	116.12
1.8492e-006	-0.014677	1.86e-006	-0.012708	0.057723	0.035332	92.439	118.61
1.8492e-006	-0.014068	1.86e-006	-0.012784	0.057954	0.035528	92.27	120.12
1.8492e-006	-0.014348	1.86e-006	-0.013846	0.057728	0.035541	92.191	120.52
1.8492e-006	-0.014632	1.86e-006	-0.013226	0.057654	0.035421	92.041	122.09
1.8492e-006	-0.014434	1.86e-006	-0.012042	0.057734	0.035386	91.819	123.68
1.8492e-006	-0.015067	1.86e-006	-0.013198	0.057766	0.035717	91.916	125.08
1.8493e-006	-0.015045	1.8599e-006	-0.01301	0.057669	0.035367	92.035	125.19
1.8493e-006	-0.015047	1.8599e-006	-0.013281	0.057812	0.035811	92.381	124.67
1.8494e-006	-0.014263	1.8599e-006	-0.013418	0.057839	0.036285	92.514	124.14
1.8494e-006	-0.013748	1.8599e-006	-0.012907	0.057793	0.036806	92.217	124.58
1.8494e-006	-0.013399	1.8599e-006	-0.013237	0.057758	0.036532	92.026	126.7
1.8494e-006	-0.01314	1.8599e-006	-0.013095	0.057794	0.035905	92.315	125.74
1.8494e-006	-0.013583	1.8598e-006	-0.012627	0.058175	0.036545	92.52	124.9
1.8494e-006	-0.013989	1.8598e-006	-0.012875	0.058036	0.036368	92.394	126.38
1.8495e-006	-0.015184	1.8598e-006	-0.013642	0.057892	0.035902	92.365	127.1
1.8495e-006	-0.015541	1.8598e-006	-0.014348	0.058078	0.03634	92.282	125.2
1.8495e-006	-0.015444	1.8598e-006	-0.014335	0.058125	0.036932	92.345	125.64
1.8495e-006	-0.01503	1.8598e-006	-0.014062	0.057955	0.036296	92.016	127.41
1.8496e-006	-0.014718	1.8598e-006	-0.013617	0.058256	0.035459	92.058	127.05
1.8496e-006	-0.01518	1.8598e-006	-0.013824	0.058405	0.035551	92.26	127.35
1.8496e-006	-0.015816	1.8597e-006	-0.013969	0.057974	0.03561	91.791	128.13
1.8496e-006	-0.015066	1.8597e-006	-0.013402	0.057663	0.035341	91.685	129.64
1.8496e-006	-0.01454	1.8596e-006	-0.012996	0.057358	0.035063	92.205	130.1
1.8496e-006	-0.014499	1.8596e-006	-0.012846	0.057284	0.034943	92.287	130.37
1.8496e-006	-0.013962	1.8596e-006	-0.012538	0.057435	0.035011	92.117	130.88
1.8496e-006	-0.013362	1.8596e-006	-0.012318	0.057466	0.035284	92.247	129.91
1.8496e-006	-0.014163	1.8595e-006	-0.012604	0.057286	0.035301	92.641	129.87
1.8497e-006	-0.013982	1.8595e-006	-0.013413	0.057522	0.035371	92.537	130.2
1.8497e-006	-0.013598	1.8595e-006	-0.012926	0.057727	0.03529	92.217	131.88
1.8498e-006	-0.013901	1.8595e-006	-0.011822	0.057684	0.035213	91.885	131.42
1.8498e-006	-0.014877	1.8595e-006	-0.012298	0.057451	0.035099	91.997	130.09
1.8498e-006	-0.014906	1.8595e-006	-0.01169	0.057623	0.035331	92.059	130.25
1.8498e-006	-0.015514	1.8595e-006	-0.01248	0.057511	0.034715	92.194	131.84
1.8498e-006	-0.01531	1.8595e-006	-0.013502	0.057565	0.034583	92.177	132.32
1.8498e-006	-0.015899	1.8594e-006	-0.013632	0.057704	0.033879	91.937	134.56
1.8499e-006	-0.015322	1.8594e-006	-0.013306	0.057836	0.033977	91.813	135.67
1.8499e-006	-0.014435	1.8594e-006	-0.012797	0.057571	0.033656	91.997	137.21
1.8499e-006	-0.015035	1.8594e-006	-0.012175	0.057547	0.033767	92.114	135.36
1.8499e-006	-0.014911	1.8595e-006	-0.01207	0.057665	0.034488	92.296	133.77
1.8499e-006	-0.014927	1.8594e-006	-0.012531	0.057827	0.034364	92.342	135.97
1.8499e-006	-0.013646	1.8594e-006	-0.012176	0.057557	0.033749	92.52	136.06
1.85e-006	-0.013905	1.8593e-006	-0.012333	0.057461	0.034216	92.299	135.06
1.85e-006	-0.013881	1.8593e-006	-0.01277	0.057457	0.034481	92.123	134.85
1.85e-006	-0.013452	1.8593e-006	-0.01299	0.057427	0.034583	92.17	135.45
1.85e-006	-0.013615	1.8593e-006	-0.012357	0.057563	0.034323	92.093	135.52
1.85e-006	-0.013168	1.8593e-006	-0.011843	0.057806	0.033834	91.991	137.02
1.85e-006	-0.013232	1.8592e-006	-0.012245	0.057659	0.033598	92.055	139
1.85e-006	-0.013332	1.8592e-006	-0.013045	0.057565	0.033016	92.012	141.26
1.8501e-006	-0.013367	1.8592e-006	-0.012748	0.057267	0.032938	92.263	141.57
1.8501e-006	-0.013646	1.8592e-006	-0.013076	0.057457	0.032618	92.319	141.46
1.8501e-006	-0.013833	1.8592e-006	-0.013193	0.057453	0.032216	92.03	142.18
1.8501e-006	-0.013999	1.8591e-006	-0.012621	0.057602	0.032426	91.891	141.85
1.8502e-006	-0.015099	1.8591e-006	-0.011915	0.05765	0.032109	91.908	144.34
1.8502e-006	-0.016173	1.8591e-006	-0.01114	0.057566	0.0315	91.853	144.64
1.8502e-006	-0.017104	1.8591e-006	-0.011509	0.057417	0.031469	91.929	143.78
1.8502e-006	-0.015881	1.8591e-006	-0.011785	0.057684	0.031418	92.279	144.02
1.8503e-006	-0.015178	1.8591e-006	-0.011605	0.057919	0.031873	92.089	143.35
1.8503e-006	-0.015242	1.859e-006	-0.011802	0.057543	0.031942	92.053	143.57
1.8503e-006	-0.015129	1.859e-006	-0.011258	0.057484	0.031587	91.91	144.98
1.8503e-006	-0.015547	1.859e-006	-0.011847	0.05752	0.031363	92.077	145.8
1.8503e-006	-0.015746	1.859e-006	-0.012579	0.057522	0.031426	92.177	144.02
1.8504e-006	-0.01562	1.859e-006	-0.013044	0.057448	0.031831	92.142	143.9
1.8504e-006	-0.015316	1.859e-006	-0.013433	0.057402	0.031886	92.18	145.84
1.8503e-006	-0.01541	1.8589e-006	-0.013712	0.057569	0.031033	92.229	146.64
1.8503e-006	-0.014827	1.8589e-006	-0.014107	0.057733	0.031236	92.311	146.14
1.8504e-006	-0.015069	1.8589e-006	-0.013464	0.057563	0.031378	92.418	146.51
1.8504e-006	-0.015287	1.8588e-006	-0.013308	0.057737	0.031158	92.376	147.08
1.8505e-006	-0.014792	1.8588e-006	-0.01235	0.058005	0.036651	92.141	126.08
1.8505e-006	-0.015662	1.8588e-006	-0.01145	0.057917	0.047477	92.147	106.22
1.8505e-006	-0.016379	1.8588e-006	-0.012913	0.057755	0.053755	91.993	97.997
1.8505e-006	-0.015048	1.8588e-006	-0.013287	0.057764	0.05636	92.196	95.117
1.8505e-006	-0.014502	1.8588e-006	-0.012082	0.057722	0.057094	92.283	93.938
1.8505e-006	-0.013689	1.8588e-006	-0.012665	0.057843	0.057393	92.173	93.236
1.8506e-006	-0.013981	1.8588e-006	-0.013402	0.057961	0.057654	92.142	93.024
1.8506e-006	-0.013698	1.8587e-006	-0.013312	0.057817	0.057902	92.25	92.85
1.8506e-006	-0.013152	1.8587e-006	-0.012692	0.058019	0.057689	92.272	92.783
1.8506e-006	-0.013018	1.8586e-006	-0.011683	0.058	0.057465	92.262	92.941
1.8507e-006	-0.012842	1.8586e-006	-0.011638	0.058101	0.057478	91.819	93.069
1.8507e-006	-0.013361	1.8587e-006	-0.012617	0.057851	0.057591	91.51	93.075
1.8507e-006	-0.01433	1.8587e-006	-0.012369	0.057557	0.057688	91.621	93.306
1.8507e-006	-0.015082	1.8587e-006	-0.011663	0.057466	0.057612	92.015	93.082
1.8507e-006	-0.014745	1.8587e-006	-0.011991	0.057498	0.057887	92.267	92.945
1.8507e-006	-0.01488	1.8586e-006	-0.011854	0.057635	0.057935	92.532	92.849
1.8507e-006	-0.015221	1.8586e-006	-0.011506	0.05779	0.058012	92.54	92.849
1.8507e-006	-0.015298	1.8586e-006	-0.011629	0.05769	0.057771	92.212	92.888
1.8507e-006	-0.015358	1.8586e-006	-0.011985	0.057632	0.057422	92.247	92.951
1.8508e-006	-0.015333	1.8586e-006	-0.011418	0.057552	0.05773	92.353	93.136
1.8508e-006	-0.014674	1.8585e-006	-0.011506	0.057694	0.057561	92.639	93.009
1.8509e-006	-0.014195	1.8585e-006	-0.0116	0.057621	0.057489	92.507	92.596
1.8509e-006	-0.014226	1.8585e-006	-0.011351	0.058118	0.057553	92.603	92.459
1.8509e-006	-0.014197	1.8585e-006	-0.011238	0.058072	0.057661	92.401	92.918
1.8509e-006	-0.01446	1.8584e-006	-0.011511	0.057906	0.057579	92.515	93.102
1.8509e-006	-0.014315	1.8584e-006	-0.011632	0.05766	0.057572	92.511	92.956
1.8509e-006	-0.014642	1.8584e-006	-0.011607	0.057633	0.057486	92.365	92.726
1.8509e-006	-0.015144	1.8584e-006	-0.011183	0.057759	0.05751	92.549	92.78
1.8509e-006	-0.015107	1.8584e-006	-0.011204	0.05752	0.058106	92.487	92.649
1.851e-006	-0.014004	1.8584e-006	-0.010765	0.057325	0.058104	92.283	92.919
1.851e-006	-0.013561	1.8584e-006	-0.011141	0.057551	0.057883	92.063	92.929
1.851e-006	-0.012776	1.8583e-006	-0.011152	0.057822	0.057809	92.11	92.918
1.851e-006	-0.013766	1.8583e-006	-0.01016	0.057699	0.05785	92.161	92.995
1.851e-006	-0.013425	1.8583e-006	-0.010368	0.057424	0.058023	91.908	92.964
1.8511e-006	-0.0132	1.8583e-006	-0.010247	0.057379	0.058044	91.837	92.961
1.8511e-006	-0.012557	1.8583e-006	-0.010413	0.057315	0.058045	92.094	92.895
1.8511e-006	-0.013018	1.8582e-006	-0.010914	0.05729	0.058068	92.146	92.752
1.8511e-006	-0.013274	1.8583e-006	-0.012075	0.057333	0.058197	92.15	92.653
1.8512e-006	-0.014191	1.8583e-006	-0.012137	0.057771	0.057977	92.076	92.689
1.8512e-006	-0.013955	1.8582e-006	-0.011187	0.058002	0.05806	91.966	92.404
1.8512e-006	-0.014889	1.8581e-006	-0.010974	0.057516	0.058017	92.085	92.722
1.8512e-006	-0.01513	1.8581e-006	-0.011336	0.057195	0.057942	92.154	92.701
1.8512e-006	-0.014585	1.8581e-006	-0.010637	0.057194	0.057728	92.355	92.289
1.8512e-006	-0.015043	1.8581e-006	-0.011013	0.057436	0.057559	92.147	92.366
1.8512e-006	-0.015228	1.8581e-006	-0.011483	0.057474	0.057645	92.179	92.407
1.8513e-006	-0.015347	1.8581e-006	-0.012244	0.05743	0.057621	92.418	92.414
1.8513e-006	-0.0155	1.858e-006	-0.012695	0.057449	0.057898	92.278	92.587
1.8513e-006	-0.015841	1.858e-006	-0.01228	0.057358	0.057903	92.192	92.553
1.8513e-006	-0.015686	1.858e-006	-0.011834	0.057402	0.057794	92.33	92.592
1.8514e-006	-0.015827	1.858e-006	-0.012702	0.057513	0.05787	92.289	92.612
1.8514e-006	-0.01603	1.858e-006	-0.012793	0.05762	0.057726	92.343	92.631
1.8514e-006	-0.016005	1.858e-006	-0.012727	0.057671	0.057719	92.219	92.743
1.8514e-006	-0.015899	1.8579e-006	-0.012742	0.057727	0.057713	92.248	92.767
1.8514e-006	-0.014449	1.8579e-006	-0.012487	0.057775	0.057733	91.852	92.544
1.8514e-006	-0.014349	1.8579e-006	-0.012422	0.057653	0.05777	91.864	92.568
1.8514e-006	-0.014342	1.8579e-006	-0.01259	0.057446	0.057874	91.864	92.793
1.8515e-006	-0.014869	1.8578e-006	-0.012462	0.057672	0.057691	92.055	93.028
1.8515e-006	-0.015473	1.8578e-006	-0.011858	0.057336	0.057687	92.319	92.902
1.8515e-006	-0.015223	1.8578e-006	-0.01181	0.057666	0.057757	92.184	92.715
1.8515e-006	-0.014741	1.8578e-006	-0.011997	0.057972	0.05747	91.957	92.751
1.8515e-006	-0.014699	1.8577e-006	-0.012137	0.057833	0.057536	92.128	92.631
1.8515e-006	-0.015044	1.8577e-006	-0.011869	0.057797	0.057694	92.058	92.815
1.8516e-006	-0.015456	1.8578e-006	-0.012136	0.057769	0.057985	91.985	92.596
1.8516e-006	-0.015162	1.8577e-006	-0.012716	0.057604	0.058012	92.367	92.304
1.8516e-006	-0.015445	1.8577e-006	-0.012553	0.057508	0.057639	92.278	92.427
1.8517e-006	-0.016823	1.8577e-006	-0.012349	0.05743	0.057644	92.355	92.556
1.8517e-006	-0.016317	1.8577e-006	-0.011478	0.057524	0.057555	92.389	92.78
1.8517e-006	-0.016172	1.8577e-006	-0.010684	0.057665	0.057279	92.243	92.565
1.8517e-006	-0.017006	1.8576e-006	-0.011284	0.057333	0.057601	91.894	92.784
1.8517e-006	-0.016669	1.8576e-006	-0.011979	0.057391	0.057709	91.745	92.805
1.8517e-006	-0.015947	1.8576e-006	-0.01165	0.057232	0.057613	91.956	92.563
1.8517e-006	-0.015214	1.8577e-006	-0.012526	0.057085	0.057674	91.978	92.465
1.8518e-006	-0.015066	1.8576e-006	-0.012709	0.057188	0.057859	92.083	92.311
1.8518e-006	-0.015249	1.8576e-006	-0.012956	0.057205	0.057758	92.039	92.429
1.8518e-006	-0.01545	1.8576e-006	-0.013224	0.057386	0.05779	92.112	92.433
1.8518e-006	-0.016137	1.8576e-006	-0.013731	0.057534	0.057609	92.132	92.286
1.8518e-006	-0.016686	1.8575e-006	-0.014236	0.057547	0.057737	92.35	92.325
1.8519e-006	-0.016521	1.8575e-006	-0.013925	0.057534	0.057526	92.133	92.336
1.8519e-006	-0.01624	1.8574e-006	-0.014465	0.057749	0.057837	92.301	92.334
1.8519e-006	-0.015396	1.8574e-006	-0.014571	0.057802	0.057864	92.044	92.412
1.8519e-006	-0.015966	1.8574e-006	-0.014664	0.057801	0.05783	92.007	92.439
1.852e-006	-0.016958	1.8574e-006	-0.015014	0.057721	0.057999	92.095	92.485
1.852e-006	-0.016682	1.8574e-006	-0.014732	0.057756	0.057845	92.355	92.703
1.852e-006	-0.015938	1.8574e-006	-0.014505	0.057615	0.057862	92.574	92.911
1.852e-006	-0.014812	1.8574e-006	-0.014021	0.05761	0.057755	92.517	92.803
1.8521e-006	-0.014478	1.8573e-006	-0.013723	0.057817	0.05751	92.38	92.537
1.8521e-006	-0.014088	1.8573e-006	-0.014394	0.057554	0.057652	92.304	92.656
1.8521e-006	-0.014259	1.8573e-006	-0.013921	0.057598	0.057719	92.305	92.588
1.8521e-006	-0.015612	1.8573e-006	-0.013657	0.057722	0.057765	92.28	92.304
1.8521e-006	-0.015918	1.8572e-006	-0.013363	0.057538	0.0578	92.401	92.469
1.8521e-006	-0.016144	1.8573e-006	-0.012573	0.057723	0.057777	92.456	92.528
1.8521e-006	-0.016226	1.8573e-006	-0.012065	0.057858	0.057802	92.372	92.692
1.8521e-006	-0.016595	1.8573e-006	-0.012776	0.057728	0.057779	92.338	92.473
1.8521e-006	-0.016369	1.8573e-006	-0.013282	0.057788	0.057674	92.244	92.38
1.8522e-006	-0.015972	1.8572e-006	-0.013875	0.057671	0.057758	92.36	92.02
1.8522e-006	-0.015951	1.8572e-006	-0.014473	0.057514	0.058014	92.497	92.085
1.8522e-006	-0.015888	1.8572e-006	-0.014863	0.057677	0.057739	92.346	92.072
1.8522e-006	-0.015364	1.8571e-006	-0.014354	0.05774	0.057528	92.263	92.166
1.8523e-006	-0.014553	1.8571e-006	-0.013555	0.058081	0.057614	92.338	92.383
1.8523e-006	-0.013967	1.8571e-006	-0.012131	0.05764	0.057496	92.09	92.494
1.8523e-006	-0.013838	1.857e-006	-0.011721	0.057303	0.057471	92.043	92.251
1.8524e-006	-0.01475	1.857e-006	-0.012331	0.057588	0.05752	91.95	92.343
1.8524e-006	-0.01516	1.857e-006	-0.012684	0.057638	0.057377	91.983	92.299
1.8524e-006	-0.014945	1.857e-006	-0.013247	0.057886	0.057625	92.067	92.622
1.8524e-006	-0.014846	1.857e-006	-0.012218	0.057993	0.05784	92.178	92.599
1.8524e-006	-0.015687	1.8571e-006	-0.011249	0.057843	0.057796	92.403	92.614
1.8524e-006	-0.014969	1.857e-006	-0.011787	0.057858	0.057766	92.419	92.331
1.8524e-006	-0.015274	1.857e-006	-0.011594	0.057794	0.057699	92.379	92.254
1.8525e-006	-0.014814	1.857e-006	-0.011357	0.057774	0.057697	92.176	92.306
1.8525e-006	-0.015417	1.857e-006	-0.011758	0.057745	0.057652	91.962	92.132
1.8525e-006	-0.015116	1.857e-006	-0.012549	0.057446	0.057672	92.143	92.196
1.8526e-006	-0.015711	1.857e-006	-0.012437	0.057238	0.057732	92.298	92.218
1.8526e-006	-0.015967	1.8569e-006	-0.012263	0.057481	0.057825	92.451	92.339
1.8526e-006	-0.016153	1.8568e-006	-0.012122	0.057577	0.05801	92.38	92.422
1.8526e-006	-0.016216	1.8568e-006	-0.011981	0.057551	0.057966	92.245	92.462
1.8526e-006	-0.016351	1.8568e-006	-0.012369	0.057563	0.057848	92.197	92.561
1.8526e-006	-0.016128	1.8568e-006	-0.01274	0.057725	0.057979	92.102	92.48
1.8527e-006	-0.015357	1.8568e-006	-0.012382	0.057763	0.057856	92.322	92.228
1.8527e-006	-0.014994	1.8567e-006	-0.012655	0.057852	0.057666	92.29	92.093
1.8527e-006	-0.014893	1.8567e-006	-0.012734	0.057674	0.057917	92.026	92.3
1.8527e-006	-0.014325	1.8566e-006	-0.012968	0.05751	0.057912	92.074	92.337
1.8527e-006	-0.014519	1.8566e-006	-0.013813	0.057497	0.057592	91.735	92.324
1.8527e-006	-0.014533	1.8567e-006	-0.013564	0.057363	0.057389	91.642	92.239
1.8528e-006	-0.014076	1.8567e-006	-0.012668	0.05731	0.057344	91.803	92.293
1.8528e-006	-0.014709	1.8567e-006	-0.012946	0.057381	0.057844	92.248	92.263
1.8528e-006	-0.014161	1.8566e-006	-0.012903	0.057487	0.057856	92.455	92.284
1.8528e-006	-0.014157	1.8566e-006	-0.012671	0.057514	0.057726	92.447	92.354
1.8529e-006	-0.014116	1.8566e-006	-0.013181	0.057571	0.057793	92.267	92.454
1.8529e-006	-0.013274	1.8566e-006	-0.013452	0.057951	0.057628	92.184	92.356
1.8529e-006	-0.013157	1.8566e-006	-0.013104	0.057903	0.057453	91.92	92.348
1.8529e-006	-0.013518	1.8566e-006	-0.01295	0.057735	0.057695	91.941	92.496
1.8529e-006	-0.01361	1.8565e-006	-0.011615	0.057572	0.05791	92.108	92.337
1.853e-006	-0.014478	1.8565e-006	-0.010985	0.057848	0.057808	92.188	92.376
1.853e-006	-0.015333	1.8565e-006	-0.012191	0.057815	0.057608	92.152	92.306
1.853e-006	-0.015299	1.8565e-006	-0.012804	0.057536	0.057658	91.965	92.11
1.853e-006	-0.014451	1.8565e-006	-0.013518	0.057646	0.057539	91.755	91.99
1.853e-006	-0.014435	1.8564e-006	-0.014687	0.057896	0.057817	91.985	92.191
1.8531e-006	-0.014286	1.8564e-006	-0.014935	0.057967	0.05794	92.236	91.903
1.8531e-006	-0.013551	1.8564e-006	-0.013154	0.057892	0.057751	92.279	92.161
1.8531e-006	-0.013236	1.8563e-006	-0.013981	0.05766	0.057572	92.265	92.223
1.8531e-006	-0.013636	1.8563e-006	-0.014909	0.057781	0.057664	92.152	92.238
1.8531e-006	-0.014132	1.8564e-006	-0.014437	0.057707	0.057819	92.49	92.513
1.8532e-006	-0.015701	1.8564e-006	-0.013868	0.058054	0.057637	92.325	92.646
1.8532e-006	-0.017143	1.8563e-006	-0.01393	0.05807	0.057588	92.152	92.548
1.8532e-006	-0.017653	1.8562e-006	-0.01343	0.058092	0.057335	91.76	92.612
1.8532e-006	-0.01706	1.8562e-006	-0.012795	0.057633	0.057265	91.955	92.628
1.8532e-006	-0.016425	1.8562e-006	-0.013124	0.057672	0.057416	92.27	92.622
1.8532e-006	-0.016161	1.8563e-006	-0.014021	0.057769	0.057631	92.116	92.692
1.8532e-006	-0.015489	1.8563e-006	-0.014972	0.057713	0.057631	92.193	92.333
1.8532e-006	-0.0159	1.8563e-006	-0.014304	0.057795	0.05755	92.68	92.152
1.8532e-006	-0.01698	1.8562e-006	-0.014182	0.057481	0.057588	92.243	92.221
1.8533e-006	-0.016875	1.8562e-006	-0.013839	0.057468	0.057642	92.003	92.244
1.8533e-006	-0.016029	1.8562e-006	-0.01429	0.057416	0.057499	92.017	91.959
1.8534e-006	-0.015056	1.8561e-006	-0.014767	0.05765	0.057244	92.306	92.059
1.8534e-006	-0.015073	1.8561e-006	-0.014672	0.057709	0.057323	92.259	92.047
1.8534e-006	-0.015183	1.8561e-006	-0.014588	0.057563	0.057411	92.221	91.974
1.8534e-006	-0.015141	1.8561e-006	-0.014564	0.057595	0.057416	92.185	91.728
1.8534e-006	-0.014302	1.856e-006	-0.014727	0.057706	0.057151	91.936	91.841
1.8534e-006	-0.014025	1.856e-006	-0.015657	0.057659	0.057292	91.816	92.229
1.8535e-006	-0.014682	1.856e-006	-0.015451	0.057327	0.057598	92.107	92.137
1.8535e-006	-0.014256	1.856e-006	-0.015055	0.057455	0.057609	91.998	92.254
1.8535e-006	-0.014789	1.856e-006	-0.014727	0.057514	0.057864	91.996	92.365
1.8535e-006	-0.015343	1.8559e-006	-0.014622	0.057447	0.057735	92.454	92.563
1.8535e-006	-0.014975	1.8559e-006	-0.014315	0.057455	0.057714	92.07	92.644
1.8535e-006	-0.014499	1.8559e-006	-0.014194	0.05757	0.057925	92.252	92.708
1.8536e-006	-0.01495	1.8559e-006	-0.014741	0.057818	0.057856	92.167	92.468
1.8536e-006	-0.015178	1.8559e-006	-0.014032	0.057812	0.057687	92.134	92.464
1.8536e-006	-0.014371	1.8559e-006	-0.013918	0.057787	0.057722	92.318	92.376
1.8536e-006	-0.014117	1.8558e-006	-0.01362	0.057417	0.057933	92.439	92.262
1.8536e-006	-0.014508	1.8558e-006	-0.013154	0.057145	0.057612	92.331	92.328
1.8536e-006	-0.014052	1.8558e-006	-0.013342	0.057247	0.057768	92.212	92.229
1.8537e-006	-0.014626	1.8558e-006	-0.013248	0.057441	0.057741	92.303	92.291
1.8537e-006	-0.014709	1.8558e-006	-0.01372	0.057658	0.057845	92.544	92.405
1.8537e-006	-0.014807	1.8557e-006	-0.013849	0.057479	0.057979	92.412	92.298
1.8537e-006	-0.014869	1.8558e-006	-0.014163	0.057291	0.057855	92.265	92.293
1.8538e-006	-0.015693	1.8557e-006	-0.014867	0.057386	0.057651	92.212	92.058
1.8538e-006	-0.015314	1.8557e-006	-0.013537	0.057333	0.057764	92.128	92.077
1.8538e-006	-0.01487	1.8557e-006	-0.013279	0.057498	0.058008	92.021	91.995
1.8538e-006	-0.015081	1.8556e-006	-0.012742	0.057822	0.0578	92.067	91.958
1.8538e-006	-0.015405	1.8556e-006	-0.013692	0.057712	0.05766	91.904	92.124
1.8538e-006	-0.014907	1.8556e-006	-0.01461	0.057504	0.057557	91.611	92.182
1.8538e-006	-0.014422	1.8556e-006	-0.014066	0.057534	0.057452	91.756	91.971
1.8539e-006	-0.013899	1.8556e-006	-0.014013	0.057787	0.057435	92.36	91.965
1.8539e-006	-0.013379	1.8556e-006	-0.01509	0.057699	0.057723	92.523	92.138
1.8539e-006	-0.01291	1.8556e-006	-0.015116	0.057757	0.057849	92.374	92.335
1.8539e-006	-0.012727	1.8555e-006	-0.014512	0.057815	0.057841	92.133	92.187
1.854e-006	-0.012053	1.8555e-006	-0.013983	0.057758	0.057691	92.281	92.06
1.854e-006	-0.012405	1.8555e-006	-0.013632	0.057461	0.057917	92.407	92.012
1.854e-006	-0.013151	1.8555e-006	-0.013965	0.057534	0.05755	92.276	92.444
1.854e-006	-0.013865	1.8555e-006	-0.014498	0.05751	0.057051	92.298	92.547
1.854e-006	-0.014068	1.8555e-006	-0.014999	0.057644	0.057093	92.5	92.662
1.8541e-006	-0.013975	1.8555e-006	-0.01431	0.057765	0.057372	92.428	92.474
1.8542e-006	-0.014213	1.8554e-006	-0.014402	0.057828	0.057366	92.338	92.145
1.8541e-006	-0.013951	1.8554e-006	-0.014321	0.057802	0.057279	92.08	92.26
1.8541e-006	-0.014573	1.8554e-006	-0.01327	0.05777	0.057598	92.181	92.087
1.8541e-006	-0.015386	1.8553e-006	-0.012439	0.05784	0.057815	92.334	92.291
1.8541e-006	-0.015875	1.8553e-006	-0.011741	0.057868	0.057735	92.218	92.189
1.8542e-006	-0.016706	1.8553e-006	-0.012115	0.057586	0.057867	91.951	92.044
1.8542e-006	-0.016362	1.8553e-006	-0.012014	0.057812	0.057656	92.018	92.035
1.8542e-006	-0.015442	1.8552e-006	-0.012295	0.057818	0.057563	92.436	91.993
1.8542e-006	-0.015048	1.8552e-006	-0.01261	0.057856	0.057612	92.502	92.061
1.8542e-006	-0.014426	1.8552e-006	-0.012633	0.057968	0.057701	92.308	92.192
1.8543e-006	-0.014762	1.8552e-006	-0.013341	0.057989	0.05803	92.311	92.234
1.8543e-006	-0.014981	1.8552e-006	-0.013555	0.057625	0.057914	92.038	92.225
1.8543e-006	-0.01462	1.8552e-006	-0.013605	0.057519	0.057956	91.941	92.349
1.8543e-006	-0.014767	1.8552e-006	-0.012729	0.057612	0.057775	91.956	92.301
1.8543e-006	-0.015168	1.8552e-006	-0.012897	0.057638	0.057646	91.749	92.22
1.8544e-006	-0.014265	1.8552e-006	-0.013226	0.057514	0.05748	92.035	92.393
1.8544e-006	-0.014817	1.8551e-006	-0.014191	0.057461	0.057481	92.16	92.464
1.8544e-006	-0.015917	1.8551e-006	-0.014524	0.057237	0.057449	92.376	92.559
1.8544e-006	-0.015987	1.8551e-006	-0.013416	0.057263	0.057665	92.391	92.514
1.8544e-006	-0.015787	1.855e-006	-0.012779	0.057578	0.057883	92.111	92.308
1.8545e-006	-0.014637	1.855e-006	-0.013139	0.05752	0.057856	92.044	92.393
1.8545e-006	-0.014817	1.855e-006	-0.013599	0.057584	0.057833	92.254	92.338
1.8545e-006	-0.014987	1.855e-006	-0.0138	0.057746	0.05793	92.013	92.686
1.8545e-006	-0.01473	1.855e-006	-0.01412	0.057806	0.057598	91.953	92.679
1.8545e-006	-0.01443	1.8549e-006	-0.014099	0.057669	0.057676	92.1	92.443
1.8546e-006	-0.014339	1.8549e-006	-0.013337	0.057663	0.057589	92.032	92.799
1.8546e-006	-0.014875	1.8549e-006	-0.013287	0.057567	0.057802	92.059	92.542
1.8546e-006	-0.014538	1.8549e-006	-0.013192	0.05761	0.058094	92.001	92.284
1.8546e-006	-0.014977	1.8549e-006	-0.013021	0.057669	0.057781	92.332	91.836
1.8546e-006	-0.015374	1.8549e-006	-0.01339	0.057929	0.057684	92.403	92.077
1.8546e-006	-0.015323	1.8548e-006	-0.013745	0.057806	0.057725	92.37	92.198
1.8547e-006	-0.016215	1.8548e-006	-0.013443	0.057675	0.05784	92.057	91.861
1.8547e-006	-0.016468	1.8548e-006	-0.013368	0.057604	0.057605	91.634	91.726
1.8547e-006	-0.016	1.8548e-006	-0.013276	0.057617	0.057481	91.829	91.794
1.8547e-006	-0.015988	1.8548e-006	-0.013615	0.057935	0.057495	91.955	92.073
1.8547e-006	-0.01547	1.8547e-006	-0.013773	0.05764	0.057845	92.282	92.182
1.8547e-006	-0.014963	1.8547e-006	-0.013713	0.057473	0.05792	92.233	91.987
1.8548e-006	-0.014454	1.8547e-006	-0.014017	0.057504	0.057796	92.287	92.152
1.8548e-006	-0.015118	1.8547e-006	-0.013181	0.057567	0.057483	92.401	92.209
1.8549e-006	-0.015168	1.8546e-006	-0.012269	0.057348	0.057542	92.568	92.237
1.8549e-006	-0.014377	1.8547e-006	-0.012572	0.057383	0.057502	92.708	92.227
1.8548e-006	-0.014685	1.8547e-006	-0.012648	0.057565	0.057631	92.631	92.228
1.8549e-006	-0.015142	1.8547e-006	-0.013504	0.057641	0.05798	92.364	92.04
1.8549e-006	-0.015003	1.8546e-006	-0.01358	0.057688	0.057828	92.316	91.908
1.8549e-006	-0.01464	1.8545e-006	-0.013828	0.057733	0.057806	92.33	92.062
1.855e-006	-0.01348	1.8545e-006	-0.013882	0.057733	0.057809	92.305	92.311
1.855e-006	-0.013682	1.8546e-006	-0.014524	0.057527	0.05743	92.138	92.154
1.8549e-006	-0.014632	1.8545e-006	-0.0146	0.057299	0.057175	92.204	92.198
1.855e-006	-0.014403	1.8545e-006	-0.01359	0.057288	0.057111	92.283	92.401
1.855e-006	-0.014875	1.8545e-006	-0.013686	0.057679	0.057305	92.576	92.333
1.855e-006	-0.014559	1.8545e-006	-0.012747	0.057995	0.057582	92.634	92.551
1.855e-006	-0.014131	1.8545e-006	-0.012184	0.057626	0.057521	92.433	92.258
1.855e-006	-0.014371	1.8545e-006	-0.0124	0.057284	0.057592	92.334	92.216
1.8551e-006	-0.014992	1.8544e-006	-0.012388	0.05743	0.057821	92.22	92.299
1.8551e-006	-0.014793	1.8544e-006	-0.012718	0.057647	0.058204	91.915	92.265
1.8551e-006	-0.014622	1.8544e-006	-0.012341	0.057783	0.058099	91.999	92.133
1.8552e-006	-0.014524	1.8544e-006	-0.01231	0.057777	0.057851	91.974	92.368
1.8552e-006	-0.014507	1.8544e-006	-0.011621	0.057864	0.057873	92.098	92.169
1.8552e-006	-0.01371	1.8544e-006	-0.011649	0.057751	0.057789	92.604	92.118
1.8552e-006	-0.014314	1.8544e-006	-0.011709	0.057677	0.057701	92.486	92.201
1.8552e-006	-0.014919	1.8543e-006	-0.011652	0.057793	0.057495	92.097	92.156
1.8552e-006	-0.014594	1.8543e-006	-0.012437	0.057679	0.057617	91.963	92.068
1.8552e-006	-0.015219	1.8543e-006	-0.013386	0.057485	0.057634	92.049	92.03
1.8553e-006	-0.015602	1.8542e-006	-0.013284	0.05751	0.057492	92.284	92.055
1.8553e-006	-0.015416	1.8542e-006	-0.013318	0.05771	0.057623	92.41	92.359
1.8553e-006	-0.015212	1.8542e-006	-0.012966	0.05795	0.057491	92.475	92.096
1.8553e-006	-0.015278	1.8542e-006	-0.012583	0.057967	0.057681	92.441	91.939
1.8554e-006	-0.014861	1.8542e-006	-0.013405	0.057694	0.057933	92.451	92.068
1.8554e-006	-0.014825	1.8541e-006	-0.014043	0.057852	0.057822	92.233	92.191
1.8554e-006	-0.015173	1.8541e-006	-0.013597	0.057856	0.057712	91.997	92.16
1.8554e-006	-0.015612	1.8541e-006	-0.014093	0.05796	0.057877	91.691	92.11
1.8554e-006	-0.015469	1.8541e-006	-0.014155	0.057837	0.057837	91.542	92.057
1.8555e-006	-0.014594	1.854e-006	-0.013426	0.057605	0.057762	91.816	92.167
1.8555e-006	-0.014445	1.8541e-006	-0.012516	0.057632	0.057614	92.068	92.249
1.8555e-006	-0.01384	1.8541e-006	-0.012718	0.057619	0.057487	91.926	92.446
1.8555e-006	-0.014291	1.854e-006	-0.013599	0.057701	0.057691	91.824	92.21
1.8555e-006	-0.014501	1.854e-006	-0.013808	0.057752	0.057629	91.975	91.979
1.8555e-006	-0.015603	1.854e-006	-0.013501	0.057964	0.05759	91.947	91.856
1.8556e-006	-0.015501	1.854e-006	-0.013164	0.057925	0.057715	91.822	91.767
1.8556e-006	-0.015422	1.854e-006	-0.012703	0.057414	0.057613	91.893	91.992
1.8557e-006	-0.015202	1.8539e-006	-0.012387	0.057181	0.057547	92.046	92.423
1.8557e-006	-0.01441	1.8539e-006	-0.01192	0.057254	0.057657	92.41	92.312
1.8557e-006	-0.014303	1.8539e-006	-0.012099	0.057517	0.057679	92.271	92.422
1.8557e-006	-0.014523	1.8539e-006	-0.012608	0.057421	0.057849	92.207	92.462
1.8557e-006	-0.01471	1.8538e-006	-0.011829	0.057352	0.057779	92.196	92.588
1.8557e-006	-0.014642	1.8538e-006	-0.012121	0.057546	0.0579	92.282	92.624
1.8558e-006	-0.01442	1.8538e-006	-0.012248	0.057499	0.057848	92.209	92.515
1.8557e-006	-0.014512	1.8538e-006	-0.011773	0.05744	0.057764	92.38	92.441
1.8558e-006	-0.014732	1.8538e-006	-0.013036	0.057528	0.057718	92.267	92.497
1.8558e-006	-0.014607	1.8538e-006	-0.013481	0.057658	0.057685	92.142	92.328
1.8558e-006	-0.015175	1.8538e-006	-0.013111	0.057669	0.057612	92.207	91.96
1.8558e-006	-0.01471	1.8537e-006	-0.011995	0.057683	0.057707	92.454	91.899
1.8558e-006	-0.014659	1.8537e-006	-0.012105	0.057703	0.057875	92.458	91.775
1.8559e-006	-0.014315	1.8537e-006	-0.01262	0.057848	0.057955	92.432	91.843
1.8559e-006	-0.014186	1.8537e-006	-0.012269	0.057833	0.057803	92.282	91.814
1.8559e-006	-0.014483	1.8537e-006	-0.012251	0.057613	0.057743	92.041	91.892
1.8559e-006	-0.013715	1.8537e-006	-0.011954	0.057614	0.057918	91.962	92.28
1.8559e-006	-0.014589	1.8536e-006	-0.012587	0.057681	0.057805	92.272	92.359
1.856e-006	-0.015014	1.8536e-006	-0.012573	0.057696	0.057803	92.547	92.217
1.856e-006	-0.0137	1.8536e-006	-0.013776	0.05764	0.057603	92.522	92.15
1.8561e-006	-0.014324	1.8536e-006	-0.013239	0.057583	0.057766	92.435	92.106
1.8561e-006	-0.013921	1.8536e-006	-0.012771	0.05772	0.057621	92.414	92.232
1.856e-006	-0.013257	1.8535e-006	-0.011396	0.057509	0.057667	92.729	92.003
1.8561e-006	-0.013969	1.8535e-006	-0.011394	0.057676	0.057591	92.711	92.164
1.8561e-006	-0.014026	1.8535e-006	-0.01151	0.057762	0.057744	92.562	92.14
1.8561e-006	-0.014249	1.8535e-006	-0.011388	0.057605	0.057642	92.419	91.794
1.8561e-006	-0.014257	1.8534e-006	-0.011355	0.057487	0.057772	92.57	91.934
1.8561e-006	-0.013983	1.8534e-006	-0.011584	0.057453	0.05777	92.511	92.31
1.8561e-006	-0.012903	1.8534e-006	-0.011785	0.057657	0.057674	92.177	92.613
1.8561e-006	-0.013599	1.8534e-006	-0.011419	0.057968	0.057526	92.086	92.638
1.8562e-006	-0.014672	1.8534e-006	-0.011931	0.057869	0.05766	92.126	92.287
1.8562e-006	-0.014986	1.8534e-006	-0.012225	0.057709	0.057337	92.547	92.568
1.8562e-006	-0.014466	1.8534e-006	-0.012591	0.057696	0.057424	92.413	92.513
1.8562e-006	-0.014564	1.8533e-006	-0.01284	0.057627	0.057571	92.406	92.248
1.8562e-006	-0.014674	1.8533e-006	-0.012665	0.058067	0.05746	92.112	91.991
1.8563e-006	-0.014139	1.8533e-006	-0.012598	0.058076	0.057478	91.974	92.128
1.8563e-006	-0.014312	1.8533e-006	-0.01212	0.058058	0.057631	92.113	92.064
1.8563e-006	-0.014502	1.8533e-006	-0.011826	0.05797	0.057514	92.142	92.282
1.8563e-006	-0.01397	1.8533e-006	-0.012133	0.057894	0.057543	92.46	92.245
1.8563e-006	-0.013305	1.8532e-006	-0.012842	0.057958	0.05753	92.301	92.525
1.8563e-006	-0.013143	1.8532e-006	-0.013579	0.057949	0.057254	91.843	92.434
1.8564e-006	-0.013317	1.8532e-006	-0.012815	0.058204	0.057317	92.002	92.414
1.8564e-006	-0.013492	1.8532e-006	-0.012667	0.057867	0.057589	92.277	92.206
1.8565e-006	-0.013377	1.8532e-006	-0.01243	0.057511	0.057429	92.595	91.984
1.8565e-006	-0.014021	1.8532e-006	-0.01188	0.057645	0.057595	92.445	92.053
1.8565e-006	-0.013862	1.8532e-006	-0.012534	0.057391	0.057695	92.314	92.038
1.8565e-006	-0.013968	1.8531e-006	-0.012878	0.057118	0.057788	92.468	92.086
1.8565e-006	-0.015303	1.853e-006	-0.012829	0.05728	0.057509	92.599	91.991
1.8565e-006	-0.014894	1.8529e-006	-0.012784	0.057582	0.057418	92.638	92.008
1.8566e-006	-0.014552	1.853e-006	-0.013163	0.057572	0.057479	92.723	92.041
1.8566e-006	-0.01473	1.853e-006	-0.01394	0.057408	0.057607	92.644	92.167
1.8566e-006	-0.014543	1.853e-006	-0.01371	0.057589	0.057678	92.38	92.399
1.8566e-006	-0.014552	1.853e-006	-0.013838	0.057789	0.057573	92.266	92.369
1.8566e-006	-0.013883	1.853e-006	-0.013963	0.057815	0.057795	92.428	92.223
1.8566e-006	-0.013759	1.8529e-006	-0.014156	0.057741	0.057753	92.208	92.138
1.8566e-006	-0.013849	1.8529e-006	-0.01356	0.057921	0.057676	92.114	92.162
1.8567e-006	-0.013067	1.8529e-006	-0.013651	0.057725	0.057526	91.909	92.124
1.8568e-006	-0.012919	1.8529e-006	-0.013382	0.057659	0.0577	92.145	92.05
1.8568e-006	-0.012604	1.8528e-006	-0.01352	0.057676	0.057685	92.225	92.1
1.8568e-006	-0.013543	1.8528e-006	-0.013082	0.057846	0.05767	92.316	92.18
1.8568e-006	-0.013284	1.8528e-006	-0.013224	0.05794	0.057981	92.145	92.183
1.8568e-006	-0.013286	1.8528e-006	-0.014221	0.05801	0.058099	92.055	92.062
1.8568e-006	-0.013456	1.8527e-006	-0.013826	0.05775	0.057925	91.96	92.228
1.8568e-006	-0.014285	1.8527e-006	-0.013958	0.057448	0.058017	91.987	92.257
1.8569e-006	-0.014203	1.8527e-006	-0.013497	0.057585	0.057901	91.758	92.23
1.8569e-006	-0.014144	1.8527e-006	-0.013161	0.057472	0.057634	91.914	92.238
1.8569e-006	-0.013499	1.8527e-006	-0.012018	0.057455	0.05764	92.266	92.057
1.8569e-006	-0.012617	1.8527e-006	-0.011637	0.057627	0.057347	92.424	91.988
1.8569e-006	-0.013472	1.8527e-006	-0.012634	0.057659	0.05759	92.59	91.985
1.8569e-006	-0.013464	1.8526e-006	-0.013773	0.057468	0.057381	92.377	92.051
1.857e-006	-0.014031	1.8526e-006	-0.013592	0.057681	0.057383	92.367	92.031
1.857e-006	-0.014489	1.8526e-006	-0.013211	0.057844	0.057377	92.317	91.942
1.857e-006	-0.013703	1.8526e-006	-0.012463	0.057817	0.057411	92.185	92.233
1.857e-006	-0.013241	1.8526e-006	-0.012999	0.057878	0.057683	91.705	92.103
1.8571e-006	-0.012387	1.8525e-006	-0.01273	0.057813	0.05751	91.867	92.289
1.8571e-006	-0.012974	1.8525e-006	-0.012964	0.057478	0.057476	92.043	92.256
1.8571e-006	-0.013681	1.8525e-006	-0.012368	0.057385	0.057573	92.114	92.184
1.8571e-006	-0.012614	1.8525e-006	-0.01286	0.057195	0.057775	92.305	91.932
1.8571e-006	-0.012127	1.8525e-006	-0.01266	0.057375	0.057551	92.33	91.951
1.8572e-006	-0.012265	1.8524e-006	-0.011691	0.057523	0.057395	92.182	92.091
1.8572e-006	-0.0125	1.8524e-006	-0.011113	0.057715	0.057266	92.188	91.976
1.8572e-006	-0.013155	1.8524e-006	-0.011544	0.057795	0.057267	92.077	92.066
1.8572e-006	-0.013174	1.8524e-006	-0.011749	0.057836	0.057637	92.27	92.543
1.8572e-006	-0.012075	1.8524e-006	-0.011283	0.057883	0.057836	92.111	92.486
1.8572e-006	-0.012103	1.8524e-006	-0.011243	0.05815	0.057926	92.318	92.356
1.8572e-006	-0.013332	1.8524e-006	-0.011579	0.058099	0.057868	92.175	92.477
1.8572e-006	-0.013095	1.8524e-006	-0.011676	0.057975	0.057458	92.177	92.429
1.8573e-006	-0.01236	1.8523e-006	-0.01161	0.057827	0.057397	92.312	92.343
1.8573e-006	-0.012078	1.8523e-006	-0.010952	0.057539	0.05765	92.432	92.086
1.8574e-006	-0.012853	1.8522e-006	-0.010868	0.057771	0.057669	92.376	92.165
1.8574e-006	-0.013285	1.8522e-006	-0.01133	0.057892	0.057892	92.454	92.244
1.8574e-006	-0.013316	1.8522e-006	-0.011436	0.057625	0.057788	92.384	92.007
1.8574e-006	-0.013635	1.8522e-006	-0.011182	0.057707	0.057993	92.18	91.921
1.8574e-006	-0.014283	1.8522e-006	-0.010588	0.057806	0.05775	92.406	92.048
1.8574e-006	-0.01443	1.8522e-006	-0.011228	0.057629	0.057737	92.435	92.185
1.8574e-006	-0.014	1.8521e-006	-0.01179	0.057522	0.05777	92.535	92.332
1.8574e-006	-0.013219	1.8521e-006	-0.01139	0.057586	0.057887	92.709	92.374
1.8575e-006	-0.013138	1.8521e-006	-0.011548	0.057886	0.057806	92.688	92.223
1.8575e-006	-0.013775	1.8521e-006	-0.011388	0.05761	0.057702	92.797	92.164
1.8575e-006	-0.013621	1.8521e-006	-0.012008	0.057442	0.057602	92.596	92.062
1.8575e-006	-0.013855	1.8521e-006	-0.012337	0.05747	0.057464	92.549	91.836
1.8575e-006	-0.013905	1.852e-006	-0.012933	0.057689	0.057391	92.597	91.919
1.8576e-006	-0.014541	1.852e-006	-0.012441	0.057727	0.057268	92.671	91.939
1.8576e-006	-0.013719	1.852e-006	-0.012096	0.057843	0.057486	92.402	92.188
1.8576e-006	-0.013944	1.852e-006	-0.012526	0.057852	0.05734	92.569	92.184
1.8577e-006	-0.014174	1.852e-006	-0.012338	0.057838	0.05735	92.5	92.387
1.8577e-006	-0.013992	1.8519e-006	-0.012448	0.058012	0.057548	92.54	92.168
1.8576e-006	-0.013249	1.8519e-006	-0.012068	0.058023	0.057511	92.449	92.234
1.8576e-006	-0.013834	1.8519e-006	-0.01261	0.057723	0.057533	92.246	92.078
1.8577e-006	-0.014126	1.8519e-006	-0.01297	0.057553	0.057523	92.383	92.236
1.8577e-006	-0.014186	1.8519e-006	-0.013467	0.05748	0.057309	92.453	92.203
1.8577e-006	-0.014088	1.8518e-006	-0.01392	0.057479	0.056974	92.485	92.059
1.8577e-006	-0.014445	1.8518e-006	-0.014519	0.05749	0.056963	92.615	92.103
1.8577e-006	-0.014119	1.8518e-006	-0.014308	0.05754	0.057183	92.724	92.152
1.8578e-006	-0.013394	1.8518e-006	-0.013683	0.057718	0.057468	92.985	92.266
1.8578e-006	-0.013778	1.8518e-006	-0.014292	0.057762	0.057701	92.906	92.175
1.8578e-006	-0.01443	1.8518e-006	-0.013819	0.05738	0.057807	92.816	92.179
1.8578e-006	-0.014694	1.8517e-006	-0.012473	0.057489	0.057781	92.593	92.22
1.8579e-006	-0.014399	1.8517e-006	-0.013071	0.057435	0.057406	92.277	92.247
1.8579e-006	-0.014575	1.8517e-006	-0.013048	0.057285	0.057416	92.412	92.049
1.858e-006	-0.01423	1.8517e-006	-0.012637	0.057132	0.057427	92.56	91.844
1.858e-006	-0.014141	1.8517e-006	-0.011833	0.057297	0.057465	92.681	92.29
1.8579e-006	-0.013715	1.8517e-006	-0.01232	0.057541	0.057085	92.375	92.378
1.8579e-006	-0.014144	1.8516e-006	-0.013279	0.057534	0.057198	92.235	92.313
1.858e-006	-0.01399	1.8516e-006	-0.013099	0.057772	0.057659	92.074	92.262
1.858e-006	-0.014259	1.8516e-006	-0.012808	0.057779	0.057924	92.11	92.364
1.858e-006	-0.013986	1.8516e-006	-0.012182	0.057876	0.057926	92.473	92.268
1.858e-006	-0.01376	1.8516e-006	-0.012455	0.057961	0.057993	92.532	92.26
1.858e-006	-0.014069	1.8516e-006	-0.012007	0.057839	0.057753	92.412	91.93
1.8581e-006	-0.013747	1.8515e-006	-0.012385	0.057582	0.057681	92.545	92.033
1.8581e-006	-0.013484	1.8515e-006	-0.013248	0.057671	0.057675	92.812	92.198
1.8581e-006	-0.014069	1.8515e-006	-0.012997	0.057704	0.057632	92.859	92.042
1.8581e-006	-0.01341	1.8515e-006	-0.011737	0.057609	0.057341	92.792	92.228
1.8582e-006	-0.014405	1.8515e-006	-0.012306	0.057548	0.057561	92.597	92.509
1.8582e-006	-0.01381	1.8514e-006	-0.012981	0.057529	0.057691	92.754	92.699
1.8582e-006	-0.014341	1.8514e-006	-0.013157	0.057864	0.05779	92.569	92.884
1.8582e-006	-0.014412	1.8514e-006	-0.013416	0.057782	0.0579	92.463	92.705
1.8583e-006	-0.015011	1.8514e-006	-0.012772	0.057681	0.057825	92.338	92.175
1.8583e-006	-0.0138	1.8514e-006	-0.011913	0.057814	0.057782	92.291	92.41
1.8583e-006	-0.012469	1.8514e-006	-0.011556	0.057348	0.05782	92.543	92.231
1.8583e-006	-0.013232	1.8514e-006	-0.012172	0.057259	0.05795	92.756	92.384
1.8583e-006	-0.013942	1.8513e-006	-0.011629	0.057367	0.057527	92.693	92.245
1.8584e-006	-0.01484	1.8513e-006	-0.010661	0.057579	0.057392	92.5	92.119
1.8584e-006	-0.015173	1.8513e-006	-0.010571	0.057526	0.057423	92.588	92.111
1.8584e-006	-0.013615	1.8513e-006	-0.01094	0.057681	0.057752	92.611	92.342
1.8584e-006	-0.013356	1.8513e-006	-0.011561	0.057812	0.057874	92.456	92.386
1.8584e-006	-0.012651	1.8512e-006	-0.01195	0.05767	0.057954	92.51	92.233
1.8584e-006	-0.013348	1.8512e-006	-0.011572	0.057901	0.057654	92.548	92.243
1.8585e-006	-0.012915	1.8512e-006	-0.011857	0.058055	0.057536	92.544	92.266
1.8585e-006	-0.012331	1.8512e-006	-0.012094	0.057602	0.057671	92.381	92.285
1.8585e-006	-0.012835	1.8512e-006	-0.011734	0.057384	0.057889	92.312	92.249
1.8585e-006	-0.011884	1.8512e-006	-0.011486	0.057555	0.057788	92.365	92.281
1.8585e-006	-0.012016	1.8511e-006	-0.011777	0.057508	0.057585	92.482	92.172
1.8585e-006	-0.012246	1.8511e-006	-0.01245	0.057247	0.057449	92.898	92.322
1.8586e-006	-0.01207	1.8511e-006	-0.012277	0.05766	0.057626	93.192	92.438
1.8586e-006	-0.012698	1.8511e-006	-0.012463	0.057862	0.057982	92.965	92.227
1.8586e-006	-0.012834	1.851e-006	-0.012887	0.057996	0.057813	92.853	91.994
1.8587e-006	-0.012798	1.851e-006	-0.012982	0.057877	0.057573	92.602	91.882
1.8587e-006	-0.013723	1.851e-006	-0.013708	0.05752	0.057678	92.624	92.223
1.8587e-006	-0.014098	1.851e-006	-0.014254	0.057658	0.057743	92.656	92.34
1.8588e-006	-0.012792	1.8509e-006	-0.01365	0.057982	0.057418	92.547	92.317
1.8588e-006	-0.011953	1.8509e-006	-0.013737	0.0579	0.057255	92.646	92.415
1.8587e-006	-0.011901	1.851e-006	-0.013509	0.057623	0.057588	92.855	92.137
1.8587e-006	-0.011321	1.851e-006	-0.012822	0.057753	0.057646	92.944	92.167
1.8587e-006	-0.012323	1.8509e-006	-0.011956	0.057878	0.057654	93.178	92.277
1.8588e-006	-0.012988	1.8509e-006	-0.012099	0.057982	0.057546	93.279	92.381
1.8588e-006	-0.012919	1.8508e-006	-0.01255	0.058069	0.057708	93.116	92.263
1.8588e-006	-0.011979	1.8508e-006	-0.012922	0.057614	0.057764	92.894	92.25
1.8588e-006	-0.012889	1.8508e-006	-0.014347	0.057645	0.057681	92.946	92.056
1.8588e-006	-0.013027	1.8508e-006	-0.014105	0.057638	0.057794	92.711	92.133
1.8588e-006	-0.013924	1.8508e-006	-0.013069	0.057627	0.058084	92.558	92.233
1.8589e-006	-0.013329	1.8507e-006	-0.013346	0.057788	0.05811	92.69	92.373
1.8589e-006	-0.012885	1.8507e-006	-0.012736	0.057747	0.05818	93.012	92.083
1.859e-006	-0.013089	1.8507e-006	-0.011702	0.057854	0.057966	92.958	92.19
1.859e-006	-0.013198	1.8507e-006	-0.011374	0.057973	0.057929	93.158	92.431
1.859e-006	-0.013862	1.8507e-006	-0.010765	0.057815	0.057834	93.324	92.311
1.859e-006	-0.013624	1.8507e-006	-0.010524	0.05775	0.057778	93.484	92.484
1.859e-006	-0.012714	1.8507e-006	-0.011234	0.057707	0.05788	93.602	92.641
1.859e-006	-0.012485	1.8507e-006	-0.012408	0.057924	0.057913	93.335	92.494
1.859e-006	-0.011842	1.8507e-006	-0.012846	0.057878	0.057948	93.173	92.413
1.8591e-006	-0.012505	1.8507e-006	-0.013515	0.057977	0.057931	93.294	92.23
1.8591e-006	-0.01312	1.8506e-006	-0.012892	0.057988	0.057704	93.379	92.206
1.8591e-006	-0.013206	1.8506e-006	-0.012878	0.057893	0.057604	93.308	91.969
1.8591e-006	-0.013298	1.8506e-006	-0.012198	0.057635	0.057589	93.037	92.002
1.8591e-006	-0.013368	1.8505e-006	-0.011129	0.057719	0.057497	93.051	91.778
1.8591e-006	-0.012538	1.8505e-006	-0.011238	0.057645	0.05771	93.068	91.73
1.8592e-006	-0.012449	1.8505e-006	-0.011754	0.057911	0.05769	93.169	91.809
1.8592e-006	-0.012381	1.8505e-006	-0.012019	0.057881	0.057601	93.137	92.248
1.8593e-006	-0.012006	1.8505e-006	-0.011872	0.057497	0.057543	93.217	92.264
1.8592e-006	-0.012077	1.8504e-006	-0.011854	0.057279	0.057616	93.243	92.07
1.8592e-006	-0.012051	1.8504e-006	-0.011607	0.057657	0.057851	93.324	92.49
1.8593e-006	-0.013219	1.8504e-006	-0.011725	0.057758	0.05779	93.586	92.57
1.8593e-006	-0.013485	1.8503e-006	-0.011996	0.057594	0.057868	93.684	92.311
1.8593e-006	-0.013661	1.8503e-006	-0.011914	0.057682	0.057912	93.693	92.219
1.8593e-006	-0.013062	1.8503e-006	-0.012231	0.05775	0.058032	93.259	92.083
1.8594e-006	-0.012986	1.8503e-006	-0.012391	0.057954	0.057723	93.218	91.881
1.8594e-006	-0.012888	1.8503e-006	-0.012439	0.057986	0.057575	93.225	92.1
1.8594e-006	-0.012062	1.8503e-006	-0.012111	0.057924	0.057674	93.194	92.087
1.8594e-006	-0.012544	1.8502e-006	-0.013356	0.057815	0.057895	93.237	92.144
1.8595e-006	-0.012848	1.8502e-006	-0.013073	0.057738	0.057697	93.208	92.165
1.8595e-006	-0.013024	1.8502e-006	-0.012329	0.05772	0.057552	93.415	92
1.8595e-006	-0.012869	1.8502e-006	-0.011989	0.058092	0.05754	93.401	91.87
1.8595e-006	-0.012826	1.8502e-006	-0.011911	0.057752	0.057492	93.084	92.206
1.8595e-006	-0.012469	1.8502e-006	-0.010811	0.05741	0.057358	93.005	92.133
1.8595e-006	-0.012388	1.8502e-006	-0.012146	0.057551	0.057367	93.284	91.825
1.8596e-006	-0.012939	1.8502e-006	-0.012555	0.057603	0.057403	93.353	92.016
1.8596e-006	-0.013156	1.8501e-006	-0.012094	0.057405	0.0577	93.391	91.702
1.8596e-006	-0.013409	1.8501e-006	-0.01205	0.057644	0.057806	93.913	91.565
1.8596e-006	-0.013666	1.8501e-006	-0.011734	0.057691	0.057557	94.571	91.981
1.8596e-006	-0.013123	1.8501e-006	-0.01238	0.057933	0.057485	94.303	92.284
1.8596e-006	-0.013266	1.8501e-006	-0.012797	0.058161	0.05771	94.109	92.152
1.8596e-006	-0.013151	1.85e-006	-0.012286	0.057697	0.05769	94.523	92.025
1.8596e-006	-0.012187	1.85e-006	-0.012105	0.057213	0.057806	94.765	92.21
1.8597e-006	-0.012943	1.85e-006	-0.011676	0.057204	0.057677	95.5	92.205
1.8597e-006	-0.013999	1.85e-006	-0.012972	0.056967	0.057347	95.507	91.978
1.8598e-006	-0.014911	1.85e-006	-0.013926	0.057048	0.057306	95.401	92.037
1.8598e-006	-0.014727	1.85e-006	-0.014238	0.056974	0.057367	95.219	91.937
1.8598e-006	-0.013874	1.85e-006	-0.014248	0.05699	0.057373	95.734	92.136
1.8598e-006	-0.012863	1.8499e-006	-0.013896	0.055494	0.057497	98.351	92.267
1.8598e-006	-0.013043	1.8499e-006	-0.013493	0.05507	0.057645	98.89	92.026
1.8599e-006	-0.013714	1.8498e-006	-0.012279	0.055178	0.057759	98.723	91.942
1.8599e-006	-0.013886	1.8498e-006	-0.011814	0.054886	0.057684	98.868	92.018
1.8599e-006	-0.012748	1.8498e-006	-0.01237	0.054847	0.057702	98.764	92.145
1.8599e-006	-0.013102	1.8498e-006	-0.012125	0.055014	0.057658	98.859	92.251
1.8599e-006	-0.012944	1.8498e-006	-0.011556	0.052669	0.057956	102.91	92.393
1.8599e-006	-0.013131	1.8497e-006	-0.01147	0.049182	0.05802	108.01	92.271
1.86e-006	-0.013861	1.8497e-006	-0.01202	0.049673	0.057776	106.42	92.236
1.86e-006	-0.013038	1.8497e-006	-0.012131	0.049378	0.057654	106.62	92.326
1.86e-006	-0.012112	1.8497e-006	-0.011697	0.048761	0.057886	107.44	92.008
1.8601e-006	-0.012693	1.8497e-006	-0.012057	0.04712	0.057738	109.16	91.969
1.8601e-006	-0.013642	1.8496e-006	-0.011147	0.046046	0.057453	110.24	92.227
1.86e-006	-0.014052	1.8496e-006	-0.011565	0.04685	0.057657	109.09	92.531
1.8601e-006	-0.014441	1.8496e-006	-0.011636	0.04818	0.05788	107.63	92.367
1.8601e-006	-0.014783	1.8496e-006	-0.012131	0.048717	0.057933	107.62	92.376
1.8601e-006	-0.014992	1.8496e-006	-0.012195	0.048009	0.0579	109.27	92.338
1.8601e-006	-0.014752	1.8496e-006	-0.012239	0.04709	0.057495	109.65	92
1.8602e-006	-0.013924	1.8496e-006	-0.012463	0.045226	0.057644	111.25	92.142
1.8602e-006	-0.012997	1.8496e-006	-0.01204	0.045254	0.057914	110.47	92.247
1.8602e-006	-0.012835	1.8496e-006	-0.011329	0.045763	0.058118	110.13	92.214
1.8602e-006	-0.013068	1.8495e-006	-0.010688	0.046124	0.057995	110.23	92.114
1.8603e-006	-0.012289	1.8495e-006	-0.011417	0.045164	0.057806	110.53	92.12
1.8603e-006	-0.012454	1.8495e-006	-0.011902	0.042852	0.057849	113.36	92.159
1.8603e-006	-0.012125	1.8495e-006	-0.011674	0.041939	0.057781	113.65	92.006
1.8603e-006	-0.012144	1.8495e-006	-0.012267	0.042196	0.05755	112.56	91.945
1.8603e-006	-0.012708	1.8494e-006	-0.011933	0.040917	0.057657	114.33	91.815
1.8603e-006	-0.012232	1.8494e-006	-0.011952	0.040278	0.057634	114.41	92.043
1.8603e-006	-0.01231	1.8493e-006	-0.012523	0.039204	0.057651	116.19	92.207
1.8603e-006	-0.012142	1.8493e-006	-0.01219	0.037696	0.057605	116.19	92.2
1.8604e-006	-0.012306	1.8493e-006	-0.011954	0.036249	0.057734	116.55	91.968
1.8604e-006	-0.011752	1.8493e-006	-0.012925	0.036637	0.057825	115.78	92.008
1.8604e-006	-0.011479	1.8493e-006	-0.012518	0.036904	0.057661	114.94	91.985
1.8604e-006	-0.012159	1.8493e-006	-0.011931	0.035116	0.057551	116.56	92.208
1.8605e-006	-0.012568	1.8493e-006	-0.01171	0.035912	0.057517	121.28	92.218
1.8605e-006	-0.012876	1.8492e-006	-0.012121	0.034313	0.057701	129.52	92.21
1.8605e-006	-0.013284	1.8492e-006	-0.012218	0.034566	0.057554	125.57	92.252
1.8605e-006	-0.012977	1.8492e-006	-0.011958	0.034834	0.057696	121.42	92.09
1.8606e-006	-0.013856	1.8491e-006	-0.012201	0.034803	0.057821	116.75	92.071
1.8606e-006	-0.014331	1.8491e-006	-0.013107	0.034827	0.057657	115.46	91.88
1.8606e-006	-0.013228	1.8492e-006	-0.012591	0.034808	0.057597	114.54	91.671
1.8606e-006	-0.013443	1.8491e-006	-0.01237	0.034673	0.057542	115.44	91.91
1.8606e-006	-0.013665	1.8491e-006	-0.013304	0.034689	0.057454	115.63	92.119
1.8606e-006	-0.014312	1.8491e-006	-0.013176	0.035043	0.057533	113.29	92.195
1.8606e-006	-0.01369	1.8491e-006	-0.013436	0.034957	0.057585	109.99	91.911
1.8607e-006	-0.014164	1.8491e-006	-0.013268	0.034748	0.057445	110.57	91.895
1.8607e-006	-0.014147	1.849e-006	-0.01346	0.034107	0.057812	109.62	91.927
1.8607e-006	-0.014283	1.849e-006	-0.013692	0.03358	0.057938	108.24	92.163
1.8607e-006	-0.014929	1.849e-006	-0.012413	0.033781	0.057672	105.73	92.283
1.8607e-006	-0.014285	1.849e-006	-0.011493	0.033719	0.057644	103.57	92.228
1.8607e-006	-0.014095	1.8489e-006	-0.012404	0.034002	0.05772	103.17	92.529
1.8608e-006	-0.012915	1.8489e-006	-0.013473	0.033854	0.057485	105.79	92.539
1.8608e-006	-0.012614	1.8489e-006	-0.013132	0.033144	0.057631	105.07	92.312
1.8608e-006	-0.01225	1.8489e-006	-0.012282	0.032462	0.057834	104.16	92.128
1.8608e-006	-0.012125	1.8489e-006	-0.012457	0.032188	0.057595	103.56	92.371
1.8609e-006	-0.012219	1.8489e-006	-0.012579	0.032407	0.057836	102.29	92.306
1.8609e-006	-0.012073	1.8489e-006	-0.012722	0.032283	0.057691	101.12	92.404
1.8609e-006	-0.012639	1.8488e-006	-0.01197	0.031838	0.057814	98.751	92.387
1.8609e-006	-0.013986	1.8488e-006	-0.011817	0.031252	0.05793	97.997	92.317
1.861e-006	-0.014232	1.8488e-006	-0.012643	0.03026	0.057728	95.353	92.335
1.861e-006	-0.013633	1.8488e-006	-0.013143	0.030135	0.057642	95.103	92.321
1.861e-006	-0.014204	1.8488e-006	-0.012436	0.029731	0.057521	94.071	92.3
1.8611e-006	-0.014561	1.8488e-006	-0.012727	0.029382	0.057432	93.293	92.283
1.8611e-006	-0.014899	1.8487e-006	-0.013728	0.028666	0.057372	92.673	92.191
1.8611e-006	-0.015252	1.8487e-006	-0.013912	0.027931	0.057454	90.652	92.1
1.8611e-006	-0.01476	1.8487e-006	-0.014075	0.028526	0.057695	91.159	91.738
1.8611e-006	-0.01421	1.8487e-006	-0.014629	0.028626	0.057782	91.069	91.819
1.8612e-006	-0.013797	1.8486e-006	-0.014345	0.028764	0.057384	90.78	92.041
1.8612e-006	-0.014101	1.8486e-006	-0.014703	0.028853	0.057145	91.417	92.28
1.8611e-006	-0.014398	1.8486e-006	-0.013995	0.028814	0.057292	92.41	92.76
1.8612e-006	-0.015141	1.8486e-006	-0.013822	0.028712	0.057599	92.919	92.795
1.8612e-006	-0.015305	1.8486e-006	-0.015053	0.028584	0.057817	92.325	92.192
1.8612e-006	-0.014474	1.8485e-006	-0.015869	0.028131	0.057948	90.696	91.847
1.8612e-006	-0.013419	1.8485e-006	-0.015732	0.027829	0.05731	90.023	91.872
1.8612e-006	-0.013405	1.8485e-006	-0.014182	0.027834	0.057272	89.994	92.105
1.8613e-006	-0.012689	1.8485e-006	-0.014054	0.027913	0.057653	90.066	92.17
1.8613e-006	-0.012419	1.8485e-006	-0.014631	0.027714	0.057573	88.319	92.44
1.8613e-006	-0.012125	1.8484e-006	-0.014116	0.02658	0.057653	87.091	92.787
1.8613e-006	-0.012858	1.8484e-006	-0.013322	0.026435	0.057768	88.271	92.448
1.8613e-006	-0.013307	1.8484e-006	-0.013019	0.026714	0.057627	88.647	92.36
1.8614e-006	-0.012999	1.8484e-006	-0.013741	0.027106	0.057421	89.219	92.436
1.8614e-006	-0.012897	1.8484e-006	-0.014051	0.026765	0.057386	88.395	92.276
1.8615e-006	-0.013404	1.8484e-006	-0.013473	0.025587	0.057565	84.818	92.09
1.8615e-006	-0.012922	1.8484e-006	-0.013426	0.02439	0.057602	83.462	91.912
1.8615e-006	-0.013256	1.8483e-006	-0.012761	0.024322	0.057833	83.92	91.821
1.8615e-006	-0.013517	1.8483e-006	-0.012353	0.023863	0.058005	81.224	91.746
1.8615e-006	-0.012636	1.8483e-006	-0.01241	0.023346	0.057874	79.439	92.035
1.8616e-006	-0.012008	1.8483e-006	-0.012749	0.022539	0.057629	80.684	91.956
1.8616e-006	-0.011975	1.8483e-006	-0.013677	0.022688	0.057436	82.001	91.953
1.8616e-006	-0.012526	1.8482e-006	-0.013719	0.021757	0.057434	80.211	92.155
1.8617e-006	-0.013428	1.8482e-006	-0.01377	0.021538	0.057509	80.922	91.963
1.8617e-006	-0.013739	1.8482e-006	-0.013157	0.021825	0.057489	80.729	91.726
1.8616e-006	-0.013413	1.8482e-006	-0.013205	0.021395	0.057576	79.572	91.691
1.8616e-006	-0.012726	1.8482e-006	-0.013439	0.021268	0.057491	78.201	91.544
1.8617e-006	-0.012066	1.8481e-006	-0.012609	0.020109	0.057601	76.758	91.587
1.8617e-006	-0.012281	1.8481e-006	-0.012996	0.019634	0.057666	76.56	91.984
1.8618e-006	-0.011687	1.8481e-006	-0.012734	0.019772	0.05791	77.152	91.852
1.8618e-006	-0.012416	1.8481e-006	-0.013268	0.01812	0.057758	74.57	91.983
1.8618e-006	-0.012999	1.8481e-006	-0.012809	0.018241	0.05784	77.612	91.99
1.8618e-006	-0.013382	1.8481e-006	-0.012769	0.018988	0.057706	77.617	91.975
1.8618e-006	-0.013654	1.848e-006	-0.013801	0.01863	0.057428	76.888	91.941
1.8618e-006	-0.012983	1.848e-006	-0.013891	0.017875	0.05734	73.979	91.947
1.8618e-006	-0.012347	1.848e-006	-0.013038	0.017147	0.057632	74.832	92.155
1.8618e-006	-0.011466	1.848e-006	-0.013126	0.01748	0.057982	74.597	92.477
1.8618e-006	-0.011908	1.848e-006	-0.013536	0.016994	0.057848	74.049	92.262
1.8619e-006	-0.0117	1.848e-006	-0.013228	0.016413	0.057619	73.567	91.993
1.862e-006	-0.011447	1.8479e-006	-0.01207	0.016668	0.0578	73.543	91.726
1.862e-006	-0.011828	1.8479e-006	-0.012157	0.016921	0.057648	73.23	91.914
1.862e-006	-0.011575	1.8479e-006	-0.011742	0.016377	0.057347	72.288	91.852
1.862e-006	-0.011693	1.8479e-006	-0.012559	0.016416	0.057058	72.296	91.947
1.862e-006	-0.011822	1.8478e-006	-0.011848	0.016445	0.057148	74.626	92.064
1.862e-006	-0.013213	1.8478e-006	-0.011889	0.015158	0.057309	74.516	92.183
1.862e-006	-0.013398	1.8478e-006	-0.011721	0.015491	0.057424	73.843	92.176
1.862e-006	-0.012832	1.8478e-006	-0.011935	0.015122	0.05746	72.912	91.996
1.8621e-006	-0.012584	1.8478e-006	-0.012739	0.014736	0.057714	73.041	92.146
1.8621e-006	-0.012107	1.8478e-006	-0.012722	0.015267	0.057957	74.294	92.183
1.8621e-006	-0.011798	1.8478e-006	-0.011473	0.014586	0.057871	72.45	92.262
1.8621e-006	-0.012404	1.8478e-006	-0.010941	0.014043	0.057672	71.877	92.251
1.8621e-006	-0.012769	1.8477e-006	-0.011293	0.01419	0.057646	73.02	92.085
1.8622e-006	-0.011735	1.8477e-006	-0.011261	0.013385	0.057608	72.254	92.159
1.8622e-006	-0.011336	1.8477e-006	-0.01161	0.012251	0.057741	69.626	92.533
1.8622e-006	-0.011973	1.8477e-006	-0.011956	0.011569	0.058096	67.219	92.531
1.8623e-006	-0.011495	1.8476e-006	-0.012476	0.011348	0.05832	66.133	92.369
1.8623e-006	-0.011632	1.8476e-006	-0.011289	0.011605	0.058259	68.262	92.224
1.8623e-006	-0.012447	1.8475e-006	-0.010891	0.011393	0.05813	68.777	91.804
1.8623e-006	-0.013135	1.8475e-006	-0.011505	0.012031	0.057589	69.928	91.87
1.8623e-006	-0.013603	1.8475e-006	-0.011676	0.011421	0.05743	69.056	91.783
1.8624e-006	-0.012697	1.8475e-006	-0.011045	0.011534	0.057687	68.15	91.729
1.8624e-006	-0.013052	1.8475e-006	-0.011092	0.011679	0.057586	69.085	91.683
1.8624e-006	-0.013365	1.8475e-006	-0.011932	0.011838	0.057669	68.012	91.681
1.8624e-006	-0.013955	1.8475e-006	-0.012258	0.011233	0.058117	66.267	91.904
1.8624e-006	-0.01406	1.8474e-006	-0.012177	0.0097179	0.058212	65.163	91.987
